frequency_hz,incident_relative_db,total_voltage_spectrum_real,total_voltage_spectrum_imag,total_current_spectrum_real,total_current_spectrum_imag,input_impedance_real_ohm,input_impedance_imag_ohm,incident_voltage_spectrum_real,incident_voltage_spectrum_imag,reflected_voltage_spectrum_real,reflected_voltage_spectrum_imag,s11_real,s11_imag,s11_magnitude_db,s11_phase_deg,return_loss_db,impedance_s11_real,impedance_s11_imag,impedance_s11_magnitude_db,impedance_s11_phase_deg
551245508.3220446,-1.3196976332586041,-2.9902126182587526e-10,1.5556689091150427e-10,-7.194815744847704e-13,-1.3114189117394352e-12,4.972986935998263,-225.2852133750321,-1.627282644090504e-10,5.368270297310613e-11,-1.362929974168248e-10,1.0188418793839816e-10,0.941619767121747,-0.31546759164931487,-0.06049275709576627,-18.52221551815599,0.06049275709576627,0.9423036058530037,-0.31341230585669966,-0.06051137731745316,-18.397241716222922
552495498.1368338,-1.3256894422971996,-2.974253961344737e-10,1.5798196344548084e-10,-7.336316976125686e-13,-1.3098185108523309e-12,5.001685204793797,-224.2722933695623,-1.6219012338824615e-10,5.4919962465047784e-11,-1.3523527274622763e-10,1.0306200098043304e-10,0.9410728761408264,-0.316778314687611,-0.06137770774894061,-18.603954039174546,0.06137770774894061,0.9417609241055188,-0.31472001799749955,-0.06139678463983825,-18.478725850988027
553745487.951623,-1.331694822817287,-2.9580865698231475e-10,1.6038184153778133e-10,-7.478296592115311e-13,-1.3080875377879703e-12,5.030518708197752,-223.2623409783178,-1.6164241627508462e-10,5.615202346325446e-11,-1.3416624070723016e-10,1.0422981807452685e-10,0.9405201019193958,-0.31809541349829423,-0.062275951381242575,-18.686166362902703,0.062275951381242575,0.9412123813928572,-0.3160341300572405,-0.06229549477592979,-18.56068421228131
554995477.7664123,-1.3377137748188705,-2.941711711750521e-10,1.627663369235588e-10,-7.620747005638132e-13,-1.3062249498696543e-12,5.059488700120322,-222.25533424994828,-1.610851924621417e-10,5.7378810872274045e-11,-1.3308597871291036e-10,1.0538752605128478e-10,0.9399613649998004,-0.31941893525569914,-0.0631877136251782,-18.768857229603334,0.0631877136251782,0.9406578983669912,-0.3173546895320826,-0.06320773355240594,-18.643121546119882
556245467.5812014,-1.3437462983019521,-2.925130673451334e-10,1.6513526245136729e-10,-7.763660456749949e-13,-1.3042297092837501e-12,5.08859484580466,-221.25125124248626,-1.6051850193960496e-10,5.860025006309073e-11,-1.3199456540552847e-10,1.0653501238827655e-10,0.9393965866889564,-0.3207489284896358,-0.06411320447587582,-18.852031459916724,0.06411320447587582,0.9400973964457522,-0.3186817452765389,-0.06413371116289825,-18.726042679140885
557495457.3959906,-1.3497923932665215,-2.908344756592577e-10,1.6748843221007568e-10,-7.907029090470336e-13,-1.3021007862926319e-12,5.117835818818697,-220.250068971881,-1.5994239529087009e-10,5.981626687793848e-11,-1.308920803683877e-10,1.0767216533213724e-10,0.9388256877492744,-0.32208544425120983,-0.06505262567684647,-18.935694042697566,0.06505262567684647,0.9395307965048088,-0.3200153486709732,-0.06507362956954697,-18.809452606403568
558745447.2107799,-1.355852059712589,-2.8913552752604686e-10,1.698256614177208e-10,-8.05084503443177e-13,-1.2998371559277903e-12,5.147210449990697,-219.25176308210612,-1.5935692368809722e-10,6.102678763507252e-11,-1.2977860383794967e-10,1.0879887378264826e-10,0.938248586643025,-0.32342853604249844,-0.0660061852114861,-19.01985016426806,0.0660061852114861,0.9389580171216486,-0.3213555535532698,-0.06602769700197121,-18.89335652054613
559995437.0255691,-1.3619252976401497,-2.874163554717404e-10,1.7214676614248662e-10,-8.195100430474863e-13,-1.2974377900860212e-12,5.176718766293622,-218.2563084076314,-1.5876213888773017e-10,6.223173913349902e-11,-1.2865421658401019e-10,1.0991502700898761e-10,0.9376651983245099,-0.32477825855419407,-0.06697411064510325,-19.104505163157736,0.06697411064510325,0.9383789733661385,-0.3227024149576773,-0.06699614129414283,-18.97775976642318
561245426.8403583,-1.3680121070492015,-2.856770932527875e-10,1.7445156302371437e-10,-8.3397874013199e-13,-1.2949016496287504e-12,5.206362333578378,-217.26368009015835,-1.5815809322597572e-10,6.343104865766237e-11,-1.2751900002681188e-10,1.11020514366052e-10,0.9370754342567064,-0.32613466593907553,-0.06795665374555437,-19.189664437064135,0.06795665374555437,0.9377935768152162,-0.32405598738805835,-0.06797921449040148,-19.06266774801864
562495416.6551476,-1.3741124879397533,-2.8391787613547665e-10,1.7673986915999317e-10,-8.484897971454696e-13,-1.2922276810612014e-12,5.236143723337471,-216.2738546045751,-1.5754483961424578e-10,6.462464398208968e-11,-1.263730365212309e-10,1.1211522517790349e-10,0.9364792036240132,-0.3274978106131844,-0.06895408382144917,-19.27533335601994,0.06895408382144917,0.9372017367644567,-0.3254163236175871,-0.06897718616792561,-19.148085841647323
563745406.4699367,-1.3802264403117932,-2.821388411754535e-10,1.7901150223290347e-10,-8.630423988031861e-13,-1.2894148196700545e-12,5.266065423446322,-215.28681011373888,-1.5692243153456193e-10,6.581245337599243e-11,-1.252164096408916e-10,1.1319904885691106e-10,0.9358764150261805,-0.32886774327061913,-0.06996667367658177,-19.361517232053355,0.06996667367658177,0.9366033619222526,-0.32678347470172586,-0.06999032938338924,-19.234019365714367
564995396.2847259,-1.3863539641653237,-2.8034012733082537e-10,1.8126628079686412e-10,-8.776357087338285e-13,-1.2864619972142099e-12,5.296128821144399,-214.30252596371793,-1.562909230349223e-10,6.699440560782481e-11,-1.240492042959031e-10,1.1427187518903935e-10,0.9352669776642593,-0.3302445140992778,-0.07099468629069704,-19.44822136319234,0.07099468629069704,0.9359983615972676,-0.3281574911929005,-0.07101890735854821,-19.320473624827333
566245386.0995152,-1.392495059500358,-2.7852187534058103e-10,1.8350402456867805e-10,-8.922688725540421e-13,-1.2833681496096961e-12,5.3263338327042575,-213.32098162174867,-1.5565036872463227e-10,6.817042994979837e-11,-1.228715066159487e-10,1.1533359461887968e-10,0.934650801323564,-0.3316281744956766,-0.07203836989894119,-19.53545112711781,0.07203836989894119,0.9353866456832775,-0.32953842485567736,-0.07206316857437142,-19.40745400350572
567495375.9143044,-1.398649726316876,-2.766842274375644e-10,1.8572455455120205e-10,-9.069410254737134e-13,-1.2801322200725029e-12,5.356679376237804,-212.3421556685371,-1.5500082376959891e-10,6.934045618235309e-11,-1.2168340366796548e-10,1.1638409836884896e-10,0.9340277951507279,-0.33301877829261056,-0.07309796431930987,-19.623212071470967,0.07309796431930987,0.9347681234373614,-0.33092632989606224,-0.07312335311479372,-19.49496605646235
568745365.7290937,-1.4048179646148884,-2.748273270616692e-10,1.8792769292316097e-10,-9.21651299893213e-13,-1.2767531558569282e-12,5.387164402632343,-211.36602541320454,-1.5434234388758857e-10,7.050441459858374e-11,-1.2048498317408065e-10,1.1742327832457723e-10,0.933397865913559,-0.33441638179582545,-0.07417371493992557,-19.71150994990179,0.07417371493992557,0.9341427017394722,-0.332321263000198,-0.0741997066627087,-19.583015544559323
569995355.5438828,-1.4109997743943925,-2.729513187381071e-10,1.901132627640253e-10,-9.36398828476225e-13,-1.2732299004776023e-12,5.417788889447935,-210.39256733494287,-1.5367498534345004e-10,7.166223600862235e-11,-1.1927633339465707e-10,1.1845102675540302e-10,0.9327609167267631,-0.33582104261128143,-0.07526588641078008,-19.800350684128347,0.07526588641078008,0.9335102838165878,-0.3337232821629396,-0.07529249418790328,-19.671608396762696
571245345.358672,-1.4171951556553926,-2.710563481884399e-10,1.9228108777888138e-10,-9.511827408436583e-13,-1.2695613859337334e-12,5.4485542358324786,-209.42175808318345,-1.529988049443023e-10,7.281385174397555e-11,-1.1805754324413756e-10,1.1946723603490584e-10,0.9321168469559752,-0.33723281793851007,-0.07637476827811042,-19.889740274647586,0.07637476827811042,0.932870769144756,-0.3351324449811065,-0.07640200556742145,-19.760750620797577
572495335.1734613,-1.4234041083978812,-2.691425626057717e-10,1.944309921874158e-10,-9.660021557681416e-13,-1.2657465294320652e-12,5.479462847213161,-208.4535754574025,-1.523138600346872e-10,7.395919366181701e-11,-1.1682870257108458e-10,1.2047179852559885e-10,0.9314655533338791,-0.3386517633097871,-0.07750066943007329,-19.979684712043255,0.07750066943007329,0.9322240545639279,-0.33654880739125437,-0.0775285500151086,-19.850448214482597
573745324.9882505,-1.4296266326218656,-2.6721011092990727e-10,1.9656280084441162e-10,-9.80856173367609e-13,-1.2617842364549743e-12,5.5105171615898,-207.48799881116287,-1.5162020849168823e-10,7.509819414923455e-11,-1.15589902438219e-10,1.2146460669517703e-10,0.9308069316261877,-0.3400779324959638,-0.07864390462937718,-20.07018994036049,0.07864390462937718,0.9315700359440634,-0.33797242357367785,-0.07867244260531384,-19.94070712919979
574995314.8030397,-1.4358627283273377,-2.6525914395907146e-10,1.9867633952345395e-10,-9.95743871774702e-13,-1.2576734083025433e-12,5.541718680187807,-206.52500866241763,-1.5091790872001591e-10,7.623078612743173e-11,-1.1434123523905557e-10,1.2244555339602222e-10,0.9301408778712886,-0.3415113786280472,-0.07980478092460452,-20.161261894119885,0.07980478092460452,0.930908609426208,-0.3394033470728489,-0.07983399068775798,-20.031533307019746
576245304.617829,-1.4421123955143031,-2.632898142310907e-10,2.0077143520036577e-10,-1.0106643101204012e-12,-1.2534129496297245e-12,5.573067551143238,-205.56458574596314,-1.5020701964705879e-10,7.735690305588331e-11,-1.1308279458403195e-10,1.2341453214448247e-10,0.9294672884645,-0.3429521558856661,-0.0809835917809188,-20.252906588400556,0.0809835917809188,0.9302396715086261,-0.34084163248614635,-0.0810134880323379,-20.122932770849353
577495294.4326181,-1.4483756341827594,-2.613022757420327e-10,2.028479161736746e-10,-1.0256165359689701e-12,-1.249001771521226e-12,5.604562930494198,-204.60671005485128,-1.4948760071790246e-10,7.847647893644496e-11,-1.1181467502413026e-10,1.2437143723722964e-10,0.9287860590226135,-0.34440032077999755,-0.08218062233775064,-20.34513021115896,0.08218062233775064,0.9295631179125575,-0.3422873367483724,-0.08221122010353689,-20.214911716733777
578745284.2474073,-1.4546524443327091,-2.5929668366507886e-10,2.0490561195528765e-10,-1.0405995927447726e-12,-1.2444387882733456e-12,5.6362039001121405,-203.6513604125368,-1.4875971189031533e-10,7.958944831741635e-11,-1.1053697177476354e-10,1.253161636378713e-10,0.9280970826641304,-0.3458559322941194,-0.08339616283256143,-20.43793916583106,0.08339616283256143,0.928878841862256,-0.34374051927416677,-0.08342747749415727,-20.307476556371164
579995274.0621966,-1.460942825964147,-2.572731942316276e-10,2.0694435299906522e-10,-1.0556125227127325e-12,-1.239722909737268e-12,5.667990411519135,-202.69851480591552,-1.480234136297031e-10,8.069574629755767e-11,-1.0924978060192455e-10,1.2624860670150757e-10,0.9274002486736037,-0.3473190508013937,-0.08463052257217113,-20.531340040847752,0.08463052257217113,0.9281867327478076,-0.34520124087780263,-0.08466256989421884,-20.40063388652133
581245263.8769858,-1.467246779077074,-2.5523196484117493e-10,2.08963970429348e-10,-1.0706543636892516e-12,-1.234853033663667e-12,5.699923720882289,-201.74815127398472,-1.4727876690403076e-10,8.179530853005914e-11,-1.0795319793714421e-10,1.2716866189928888e-10,0.9266954422948545,-0.34878973638375665,-0.08588403654326626,-20.62533952455272,0.08588403654326626,0.9274866759163246,-0.3466695620914965,-0.0859168326881949,-20.494390403860617
582495253.691775,-1.473564303671492,-2.5317315433259057e-10,2.1096429593073305e-10,-1.0857241413297011e-12,-1.2298280424675816e-12,5.732006079549319,-200.80024883664575,-1.4652583317871387e-10,8.288807122646356e-11,-1.0664732115387666e-10,1.280762247042695e-10,0.9259825457474116,-0.3502680475141762,-0.08715706098524473,-20.719944315187163,0.08715706098524473,0.9267785536869906,-0.34814554184654745,-0.08719062251146556,-20.58875281498496
583745243.5065643,-1.4798953997474007,-2.510969232554422e-10,2.1294516186535806e-10,-1.1008208614128807e-12,-1.2246468062289057e-12,5.764239870716656,-199.8547879361566,-1.4576467441147905e-10,8.397397116054129e-11,-1.0533224884396317e-10,1.2897119070481676e-10,0.9252614398578293,-0.3517540408555716,-0.08844996057010565,-20.81516107830596,0.08844996057010565,0.9260622469823766,-0.34962923727042694,-0.0884843044201359,-20.68372779391698
584995233.3213534,-1.4862400673048026,-2.490034339807758e-10,2.1490640155060222e-10,-1.1159435065222462e-12,-1.219308190090409e-12,5.79662669232223,-198.91175015051923,-1.4499535304719393e-10,8.505294567211774e-11,-1.0400808093358181e-10,1.298534558784845e-10,0.9245320053459772,-0.35324777228541865,-0.089763094626155,-20.91099647675219,0.089763094626155,0.9253376366160722,-0.3511207047101696,-0.08979823811700133,-20.779322012194104
586245223.1361426,-1.4925983063436876,-2.4689285058537493e-10,2.1684784953654825e-10,-1.1310910389314267e-12,-1.2138110616518388e-12,5.829166906296549,-197.97111735512684,-1.4421793201266767e-10,8.612493267085287e-11,-1.0267491857270736e-10,1.3072291686569537e-10,0.923794123006642,-0.35474929855134046,-0.09109681037098617,-21.007457256793973,0.09109681037098617,0.9246046034761621,-0.352620001388138,-0.09113277119790256,-20.87554222507847
587495212.9509319,-1.4989701168640628,-2.4476533857630817e-10,2.1876934172329214e-10,-1.1462624078638122e-12,-1.2081542939789995e-12,5.861859899576896,-197.03287081757176,-1.434324747114214e-10,8.718987063997258e-11,-1.0133286386488683e-10,1.3157947108331956e-10,0.9230476726624404,-0.3562586786023336,-0.0924514470932928,-21.10455034198937,0.0924514470932928,0.923863027479411,-0.3541271867347843,-0.09248824335066201,-20.972395365414556
588745202.7657211,-1.5053554988659303,-2.426210646157312e-10,2.2067071525239737e-10,-1.1614565567435055e-12,-1.202336762427728e-12,5.894704894412026,-196.09699073825058,-1.4263904501843015e-10,8.82476986399519e-11,-9.998201959730104e-11,1.3242301661244548e-10,0.9222925314689955,-0.35777597382888654,-0.09382734895706549,-21.20228288207867,0.09382734895706549,0.9231127858763333,-0.35564232263086004,-0.09386499917041702,-21.069888592439593
589995192.5805103,-1.5117544523492854,-2.4046019640518884e-10,2.225518082390001e-10,-1.1766724260750029e-12,-1.196357337104853e-12,5.927701838060814,-195.16345648648374,-1.418377072748364e-10,8.929835631214945e-11,-9.862248913035243e-11,1.3325345192685067e-10,0.9215285725229386,-0.3593012470733313,-0.09522487918201417,-21.30066223006854,0.09522487918201417,0.9223537518577155,-0.3571654724192826,-0.09526340233907506,-21.168029268760012
591245182.3952996,-1.5181669773141269,-2.382829027948501e-10,2.2441245950384539e-10,-1.1919089501588301e-12,-1.1902148753299286e-12,5.9608518668604695,-194.23224738313357,-1.4102852628263494e-10,9.034178388239327e-11,-9.725437651221517e-11,1.3407067562145213e-10,0.9207556645463215,-0.36083456097764577,-0.09664442758942887,-21.399695861805768,0.09664442758942887,0.921585794236969,-0.3586966992530838,-0.09668384315879354,-21.266824879855253
592495172.2100887,-1.5245930737604598,-2.360893540514676e-10,2.2625250846381198e-10,-1.207165049457113e-12,-1.1839082184417217e-12,5.994157091001796,-193.30334357461857,-1.402115672993305e-10,9.137792216451751e-11,-9.587778675213707e-11,1.348745862992945e-10,0.9199736728005781,-0.3623759766143101,-0.09808640731840777,-21.499391285190885,0.09808640731840777,0.9208087783625909,-0.36023606472503306,-0.09812673525162428,-21.366282943301037
593745162.0248779,-1.5310327416882739,-2.3387972212646873e-10,2.2807179524608272e-10,-1.2224396229540584e-12,-1.1774361947345918e-12,6.027619835972636,-192.37672650103164,-1.393868960325686e-10,9.240671256385004e-11,-9.449282609390015e-11,1.356650826822327e-10,0.9191824606765794,-0.3639255531804589,-0.09955124272044324,-21.5997559919992,0.09955124272044324,0.9200225677080818,-0.36178362855996943,-0.09959250344298474,-21.46641096067655
594995151.8396672,-1.5374859810975803,-2.3165418076629912e-10,2.2987016096002842e-10,-1.237731544836743e-12,-1.1707976267184312e-12,6.0612417811740675,-191.45237870110967,-1.385545786347385e-10,9.342809708065054e-11,-9.309960213156062e-11,1.3644206387937789e-10,0.9183818910202808,-0.36548334892288664,-0.10103935547954511,-21.700797480809218,0.10103935547954511,0.9192270251988343,-0.36333944953852754,-0.10108156988270667,-21.56721644060853
596245141.6544564,-1.5439527919883747,-2.2941290540014198e-10,2.3164744796887694e-10,-1.25303966727369e-12,-1.1639913383754494e-12,6.095023485168547,-190.53028307735275,-1.3771468169755145e-10,9.444201831349902e-11,-9.169822370259052e-11,1.3720542965537792e-10,0.9175718264072142,-0.36704942275429014,-0.10255115700372845,-21.802523338848587,0.10255115700372845,0.9184220134884814,-0.36490358711346066,-0.10259434644912983,-21.66870698069824
597495131.4692456,-1.55043317436065,-2.2715607287067253e-10,2.3340350000394505e-10,-1.268362827492392e-12,-1.1570161581063874e-12,6.128964558052714,-189.6104220474058,-1.3686727224659197e-10,9.544841946263461e-11,-9.028880062408051e-11,1.3795508054131047e-10,0.9167521281839427,-0.3686238356255603,-0.10408705153171371,-21.90494133695009,0.10408705153171371,0.9176073940016777,-0.36647610278341575,-0.10413123787313924,-21.770890362480237
598745121.2840348,-1.556927128214417,-2.2488386116511999e-10,2.3513816205681525e-10,-1.2836998548470094e-12,-1.1498709155958676e-12,6.163064369933859,-188.69277706322993,-1.3601241773584408e-10,9.644724433324404e-11,-8.887144342927589e-11,1.3869091772357117e-10,0.91592265480215,-0.3702066508611513,-0.10564744826679354,-22.008059484459377,0.10564744826679354,0.9167830252681601,-0.36805706043041664,-0.10569265388439393,-21.873774606254827
599995111.098824,-1.5634346535496682,-2.2259644930321598e-10,2.368512801148311e-10,-1.2990495735865676e-12,-1.1425544343878767e-12,6.197322883583118,-187.77732876146243,-1.3515018604219315e-10,9.743843733870034e-11,-8.744626326102284e-11,1.3941284277613079e-10,0.9150832603749945,-0.3717979332614528,-0.10723277569847897,-22.111886013980897,0.10723277569847897,0.9159487614776639,-0.369646525423851,-0.10727902353351139,-21.977367955726056
601245100.9136132,-1.569955750366405,-2.2029401744638906e-10,2.3854270089651646e-10,-1.3144107995603177e-12,-1.1350655244619113e-12,6.231741137756718,-186.86405764584097,-1.3428064545990268e-10,9.842194350375074e-11,-8.601337198648639e-11,1.401207573927657e-10,0.9142337942546817,-0.37339774748389926,-0.10884349004272814,-22.216429306042826,0.10884349004272814,0.9151044520554009,-0.37124456300185343,-0.10889080362089784,-22.081678802590226
602495090.7284025,-1.5764904186646262,-2.1797674716312526e-10,2.402122717428368e-10,-1.329782332643346e-12,-1.1274029790814676e-12,6.266321115206277,-185.95294490374488,-1.334038646950676e-10,9.939770846765437e-11,-8.457288246805765e-11,1.408145632751824e-10,0.913374101841326,-0.3750061566267525,-0.11048007311602531,-22.321697798094224,0.11048007311602531,0.9142499424693082,-0.3728512368539464,-0.11052847655423226,-22.186715595533965
603745080.5431917,-1.583038658444333,-2.1564482169455241e-10,2.4185984072839647e-10,-1.3451629491547448e-12,-1.1195655776708647e-12,6.301065082977529,-185.04397289144137,-1.3251991286004383e-10,1.003656784872688e-10,-8.312490883450859e-11,1.4149416224112763e-10,0.9125040261253096,-0.3766232218203102,-0.11214302101130216,-22.427699931114372,0.11214302101130216,0.9133850757721225,-0.37446660871044435,-0.11219253901229373,-22.292486786924393
604995070.3579808,-1.5896004697055213,-2.1329842606498797e-10,2.4348525692775725e-10,-1.3605513985220576e-12,-1.1115520929446886e-12,6.335974789178265,-184.13712501979506,-1.3162885946785512e-10,1.0132580044008611e-10,-8.166956659713289e-11,1.421594564876712e-10,0.9116234090450124,-0.3782490030495482,-0.11383283019972856,-22.534444165516565,0.11383283019972856,0.9125096939602474,-0.37609073916375596,-0.113883488046296,-22.39900084882978
606245060.1727701,-1.5961758524482015,-2.1093774697362767e-10,2.450883706815779e-10,-1.3759464059405268e-12,-1.103361298035132e-12,6.3710509734514025,-183.23238511688854,-1.3073077442657698e-10,1.0227802182721742e-10,-8.020697254705067e-11,1.4281034885436047e-10,0.9107320918495149,-0.3798835607244154,-0.11554998914039483,-22.641939058382082,0.11554998914039483,0.9116236383382723,-0.37772368923866995,-0.11560181270134572,-22.506266350342678
607495049.9875593,-1.602764806672357,-2.0856297253192944e-10,2.466690337079438e-10,-1.391346679258628e-12,-1.0949919693808463e-12,6.406293461350979,-182.32973663817154,-1.2982572803369915e-10,1.0322229077632666e-10,-7.873724449823027e-11,1.4344674293161713e-10,0.9098299142283877,-0.3815269570857096,-0.11729498031677657,-22.750193359064493,0.11729498031677657,0.9107267486501329,-0.3793655217996552,-0.11734799607036299,-22.614292053197172
608745039.8023485,-1.609367332377998,-2.0617429200136293e-10,2.482270989953149e-10,-1.4067509158524152e-12,-1.086442883635604e-12,6.441701776961075,-181.42916217313717,-1.2891379097046554e-10,1.0415855604451233e-10,-7.726050103089738e-11,1.440685429508026e-10,0.9089167126782328,-0.3831792566307352,-0.11906829165306526,-22.859216069839768,0.11906829165306526,0.909818861445691,-0.38101630197865305,-0.11912252672397769,-22.72308697235136
609995029.6171378,-1.6159834295651245,-2.0377189568553588e-10,2.497624205413639e-10,-1.4221578052692803e-12,-1.077712810357643e-12,6.477275916490243,-180.53064352037438,-1.2799503429619416e-10,1.0508676702113818e-10,-7.57768613893417e-11,1.446756535202257e-10,0.9079923190117386,-0.38484052530716656,-0.12087043091091369,-22.969016438407117,0.12087043091091369,0.9088998085883923,-0.3826760963706501,-0.12092591310933277,-22.83266036838088
611245019.431927,-1.6226130982337326,-2.0135597504003143e-10,2.512748530917291e-10,-1.4375660259059827e-12,-1.0688005046994895e-12,6.513016842143531,-179.6341622757695,-1.2706952944257563e-10,1.0600687373061211e-10,-7.428644559745584e-11,1.4526797936111698e-10,0.9070565598301683,-0.38651082893064503,-0.12270193498349205,-23.079603888088542,0.12270193498349205,0.9079694167256172,-0.38434497145167773,-0.1227586928339313,-22.943021677596168
612495009.2467161,-1.6292563383838223,-1.9892672293596945e-10,2.527642520320567e-10,-1.4529742374740008e-12,-1.0597047043002564e-12,6.548926423058924,-178.7397005897261,-1.2613734820795172e-10,1.0691882683511278e-10,-7.27893747280178e-11,1.4584542519694396e-10,0.9061092572243463,-0.38819023172547235,-0.1245633689426682,-23.19098792718603,0.1245633689426682,0.9070275079879374,-0.386022992118463,-0.12462143169630008,-23.05418042139189
613744999.0615054,-1.6359131500153938,-1.964843339239183e-10,2.542304734964083e-10,-1.4683810734542152e-12,-1.0504241321084917e-12,6.5850068684587395,-177.84724166105934,-1.251985627515744e-10,1.0782257763726481e-10,-7.128577117234388e-11,1.4640789585914354e-10,0.9051502302626989,-0.3898787958142255,-0.12645531556541217,-23.30317809079265,0.12645531556541217,0.9060739014767171,-0.3877102211762586,-0.1265147131994418,-23.166146148132817
614994988.8762946,-1.6425835331284464,-1.9402900434542e-10,2.5567337462830675e-10,-1.4837851377254218e-12,-1.0409575033897225e-12,6.621259984220733,-176.95676969327073,-1.2425324558784548e-10,1.0871807808276134e-10,-6.977575875757451e-11,1.4695529654554552e-10,0.9041792963735101,-0.3915765819348018,-0.12837836150738194,-23.416183949720143,0.12837836150738194,0.9051084146473825,-0.3894067200544932,-0.12843912472257946,-23.278928442199042
616244978.6910839,-1.649267487722982,-1.9156093222932244e-10,2.57092813841669e-10,-1.4991850070874745e-12,-1.0313035327337375e-12,6.6576866768148975,-176.06826934862823,-1.233014695805375e-10,1.0960528076293454e-10,-6.825946264878491e-11,1.474875330787345e-10,0.9031962717907713,-0.39328365095760043,-0.13033308819681322,-23.530015182813873,0.13033308819681322,0.9041308637570339,-0.3911125503238537,-0.13039524842589342,-23.392536996397723
617494968.5058731,-1.6559650137989967,-1.8908031703639073e-10,2.5848865092949907e-10,-1.5145792379400934e-12,-1.0214609368938556e-12,6.694286979699566,-175.18172501854528,-1.223433079369966e-10,1.1048413891727384e-10,-6.673700909939409e-11,1.4800451201222524e-10,0.9022009707717308,-0.39500006531675896,-0.1323200728114195,-23.644681672758036,0.1323200728114195,0.9031410630833913,-0.39282777512888567,-0.1323836622449422,-23.506981707792228
618744958.3206623,-1.6626761113564892,-1.8658735940434587e-10,2.598607469577727e-10,-1.5299663729490042e-12,-1.0114284317439653e-12,6.73106057613456,-174.29712032576452,-1.2137883420232733e-10,1.1135460643589119e-10,-6.520852520201856e-11,1.485061405218815e-10,0.9011932039991694,-0.39672588952029036,-0.13433989893338336,-23.760193572181784,0.13433989893338336,0.9021388233271685,-0.394552459700274,-0.1344049505603284,-23.622272743748727
619994948.1354516,-1.6694007803954636,-1.8408226104486047e-10,2.6120896400771286e-10,-1.5453449435480132e-12,-1.0012047250848138e-12,6.768007512412631,-173.41443813396972,-1.2040812225356032e-10,1.1221663786193404e-10,-6.367413879130018e-11,1.489923261457788e-10,0.9001727770474486,-0.3984611894340467,-0.13639317095538514,-23.876561303998095,0.13639317095538514,0.9011239500767488,-0.396286670640611,-0.13645971860745507,-23.738420542169848
621244937.9502407,-1.6761390209159193,-1.815652248548546e-10,2.625331649179743e-10,-1.5607134665689805e-12,-9.907885094506623e-13,6.805128694479192,-172.53366104783066,-1.1943124629380305e-10,1.1307018839394552e-10,-6.21339785610515e-11,1.494629765240288e-10,0.8991394897517068,-0.4002060307382669,-0.13848052418664192,-23.993795497591076,0.13848052418664192,0.9000962431752039,-0.3980304743814727,-0.1385486025735839,-23.85543574759425
622494927.7650299,-1.6828908329178494,-1.7903645517917806e-10,2.6383321317764853e-10,-1.5760704367234e-12,-9.801784590508286e-13,6.842425892040877,-171.6547721097559,-1.1844828084637472e-10,1.139152138881715e-10,-6.058817433280334e-11,1.4991799928947708e-10,0.8980931367982192,-0.40196047742862867,-0.14060262508763166,-24.111906899141648,0.14060262508763166,0.8990554973087929,-0.3997839356835287,-0.1406722698163741,-23.973329121505902
623744917.5798192,-1.6896562164012607,-1.7649615807379684e-10,2.6510897303218154e-10,-1.5914143190692788e-12,-9.693732325472476e-13,6.879901258455086,-170.77775529482636,-1.1745930074892437e-10,1.1475167086081491e-10,-5.90368573248724e-11,1.5035730217136666e-10,0.8970335091513418,-0.4037245912052166,-0.14276016171837258,-24.23090630910186,0.14276016171837258,0.8980015034333018,-0.40154711702375456,-0.1428314092983934,-24.092111479876788
624994907.3946084,-1.6964351713661494,-1.7394454141920063e-10,2.663603097395425e-10,-1.6067435455806364e-12,-9.583714799513536e-13,6.9175566480638455,-169.90259552798958,-1.1646438114753458e-10,1.1557951649023678e-10,-5.748016027166604e-11,1.5078079324930576e-10,0.8959603954523158,-0.40549843208028324,-0.14495383008004192,-24.350804584240894,0.14495383008004192,0.8969340501737151,-0.4033200792017448,-0.145026717925618,-24.211793695330613
626244897.2093976,-1.7032276978125136,-1.7138181482220557e-10,2.6758708982636684e-10,-1.6220565175135282e-12,-9.471718495231445e-13,6.955393120980252,-169.02927822343256,-1.1546359749080982e-10,1.1639870861910431e-10,-5.591821733139576e-11,1.5118838120726252e-10,0.8948735825425843,-0.40728205983446225,-0.1471843243681128,-24.471612704761036,0.1471843243681128,0.8958529243492284,-0.4051028827957372,-0.14725889081032362,-24.33238676436296
627494887.0241868,-1.7100337957403566,-1.6880818936857477e-10,2.6878918119438235e-10,-1.6373516118583789e-12,-9.357729905714017e-13,6.993410911019066,-168.1577886159592,-1.144570255239503e-10,1.1720920575648536e-10,-5.4351163844624466e-11,1.5157997543789698e-10,0.8937728547679172,-0.40907553546414127,-0.14945233690936616,-24.59334186985819,0.14945233690936616,0.8947579102787672,-0.40689558961128225,-0.14952862122565014,-24.453901902936956
628744876.838976,-1.716853465149673,-1.6622387737615447e-10,2.6996645301552694e-10,-1.6526271877774698e-12,-9.241735504675924e-13,7.031609864902181,-167.28811126584418,-1.1344474128281237e-10,1.1801096707988979e-10,-5.277913609334213e-11,1.5195548593563718e-10,0.8926579924192978,-0.4108789217689808,-0.15175856801815654,-24.716003568978415,0.15175856801815654,0.8936487882220185,-0.4086982632709103,-0.15183661047760466,-24.57635061768967
629994866.6537652,-1.7236867060404701,-1.636290922976416e-10,2.711187754779161e-10,-1.6678815889422591e-12,-9.123721675764364e-13,7.069990094527549,-166.4202300123917,-1.1242682108795494e-10,1.1880395243725731e-10,-5.120227120968668e-11,1.5231482304065878e-10,0.8915287701601599,-0.41269228272323305,-0.15410374034835794,-24.83960959005774,0.15410374034835794,0.8925253328053117,-0.41051096858733976,-0.15418358226243745,-24.699744714069723
631244856.4685545,-1.7305335184127404,-1.610240488343621e-10,2.722460195317468e-10,-1.6831131400889445e-12,-9.003674641876244e-13,7.108552469373588,-165.55412839205582,-1.1140334153867359e-10,1.1958812234889177e-10,-4.962070729568854e-11,1.5265789718285493e-10,0.8903849562943013,-0.41451568197250693,-0.1564886097684937,-24.964171962146974,0.1564886097684937,0.8913873122872978,-0.4123337700608896,-0.15657029353424182,-24.824096238869682
632494846.2833437,-1.7373939022664855,-1.5840896319918238e-10,2.733480567836535e-10,-1.6983201394875666e-12,-8.881580435175753e-13,7.147298674500499,-164.68979027430373,-1.1037437950702154e-10,1.2036343800934173e-10,-4.803458369216082e-11,1.5298461877431177e-10,0.8892263132431599,-0.41634918129772835,-0.15891396679693565,-25.08970286733946,0.15891396679693565,0.8902344890342268,-0.41416673034260504,-0.158997535924439,-24.949417392129227
633744836.0981328,-1.7442678576017034,-1.5578405338009157e-10,2.7442475960065093e-10,-1.7135008513920622e-12,-8.757424924561044e-13,7.186230810880893,-163.8272003508367,-1.0934001213181923e-10,1.2112986128922744e-10,-4.644404124827238e-11,1.5329489831142344e-10,0.8880525989050124,-0.4181928399037991,-0.16138062804425427,-25.216214574419883,0.16138062804425427,0.8890666208783597,-0.4160099095211877,-0.16146612716970124,-25.07572046084521
634994825.9129221,-1.751155384418397,-1.5314953925655633e-10,2.754760013620263e-10,-1.7286535025232602e-12,-8.631193883694106e-13,7.22535077371183,-162.96634420453864,-1.0830031681265202e-10,1.2188735473701424e-10,-4.484922244390427e-11,1.5358864662501205e-10,0.8868635680621486,-0.42004671491387857,-0.16388942282418678,-25.343719434181864,0.16388942282418678,0.8878834625258468,-0.41786336561578286,-0.16397689771850205,-25.203017814406692
636244815.7277113,-1.7580564827165652,-1.5050564250778158e-10,2.765016567113061e-10,-1.7437762842523855e-12,-8.502873059080026e-13,7.264659764555178,-162.10720792778855,-1.0725537120385726e-10,1.226358815807318e-10,-4.325027130392427e-11,1.5386577513057434e-10,0.8856589729754342,-0.42191086275611184,-0.16644118284992096,-25.47222994111278,0.16644118284992096,0.8866847661528872,-0.41972715596242466,-0.16653068043610178,-25.331321966390977
637494805.5425005,-1.7649711524962017,-1.4785258637429547e-10,2.775016016609726e-10,-1.758867358802478e-12,-8.372448197833793e-13,7.304158209814208,-161.24977751484224,-1.0620525320850064e-10,1.2337540572963968e-10,-4.1647333165794826e-11,1.541261959313329e-10,0.8844385627730665,-0.42378534061687995,-0.16903674116184197,-25.601758828287547,0.16903674116184197,0.8854702807958613,-0.42160133866850635,-0.16912830954972136,-25.46064566950404
638744795.3572898,-1.7718993937573155,-1.4519059542018144e-10,2.784757134892934e-10,-1.7739248654315228e-12,-8.239905018521786e-13,7.343846122704334,-160.39403837560621,-1.0515004097234232e-10,1.2410589177583894e-10,-4.004055444783908e-11,1.5436982171345452e-10,0.8832020819322813,-0.4256702070971539,-0.17167694115732468,-25.73231914346957,0.17167694115732468,0.8842397508331984,-0.4234859732712813,-0.17177062969516577,-25.59100199164205
639994785.172079,-1.7788412064998989,-1.425198954427361e-10,2.7942387049042874e-10,-1.7889469225760573e-12,-8.105229141834869e-13,7.383723694731411,-159.53997524198425,-1.0408981287779411e-10,1.248273049958299e-10,-3.8430082564942023e-11,1.5459656549459878e-10,0.8819492686715764,-0.4275655216666956,-0.17436265083196356,-25.863924265303478,0.17436265083196356,0.8829929143762504,-0.4253811201940207,-0.17445851016520988,-25.722404331985697
641244774.9868681,-1.7857965907239535,-1.3984071358999277e-10,2.8034595172455073e-10,-1.803931624299432e-12,-7.96840602129441e-13,7.423791777866135,-158.68757251044957,-1.030246475378671e-10,1.2553961135201568e-10,-3.6816066052125684e-11,1.5480634037253507e-10,0.8806798541193251,-0.4294713432004928,-0.177094774384513,-25.996587852820507,0.177094774384513,0.8817295024355942,-0.4272868392832177,-0.17719285650865643,-25.854866370410075
642494764.8016574,-1.7927655464294796,-1.3715327862522563e-10,2.812418369141772e-10,-1.8188770327127396e-12,-7.829420914045152e-13,7.464051987753394,-157.83681481735502,-1.0195462379011083e-10,1.2624277749415166e-10,-3.519865483511479e-11,1.5499905942002553e-10,0.8793935626757521,-0.43138772840655903,-0.17987425486751596,-26.13032375961536,0.17987425486751596,0.8804492392808558,-0.4292031882356463,-0.17997461316593028,-25.988401981628485
643744754.6164466,-1.7997480736164737,-1.3445782119231367e-10,2.821114065469184e-10,-1.833781170371769e-12,-7.688258908228662e-13,7.504506378102745,-156.98768751665497,-1.0087982069054467e-10,1.2693677076074112e-10,-3.3578000501769004e-11,1.5517463578617726e-10,0.8780901132980666,-0.4333147310132413,-0.18270206669872285,-26.265145964212177,0.18270206669872285,0.8791518437248591,-0.4311302217839736,-0.18280475596554774,-26.123025165612525
644994744.4312358,-1.8067441722849396,-1.317545739363704e-10,2.829545421239949e-10,-1.848642016638789e-12,-7.544904990322481e-13,7.545156879472298,-156.14017679208905,-9.980031750758126e-11,1.2762155918037647e-10,-3.19542564287891e-11,1.5533298294361843e-10,0.8767692209080118,-0.43525240214465516,-0.18557920264801403,-26.401068558848937,0.18557920264801403,0.8778370305316824,-0.4330679920706466,-0.18568427910543756,-26.258750036492906
646244734.2460251,-1.8137538424348731,-1.2904377141970647e-10,2.837711264089675e-10,-1.863457509651163e-12,-7.399344112566943e-13,7.58600482431018,-155.29426934806057,-9.871619371594321e-11,1.2829711147302642e-10,-3.0327577703763214e-11,1.5547401493594104e-10,0.875430597051401,-0.43720079162826336,-0.18850666306856262,-26.53810580553689,0.18850666306856262,0.8765045110776695,-0.4350165499550887,-0.18861418439167987,-26.395590878736872
647494724.0608143,-1.8207770840662763,-1.2632564989357006e-10,2.845610435316463e-10,-1.8782255522408577e-12,-7.251561220744995e-13,7.627050824311935,-154.4499518623677,-9.762752899057285e-11,1.289633970512692e-10,-2.8698120902997198e-11,1.5559764648037716e-10,0.8740739493693217,-0.43915994944244047,-0.19148545385475638,-26.67627222989113,0.19148545385475638,0.87515399282396,-0.43697594646240145,-0.191595479213688,-26.533562241037625
648744713.8756034,-1.8278138971791495,-1.236004470706982e-10,2.853241788874687e-10,-1.8929440178314013e-12,-7.101541225956027e-13,7.668295061489649,-153.60721051422192,-9.653440320053597e-11,1.2962038602147104e-10,-2.7066043870162232e-11,1.5570379286599765e-10,0.8726989801225487,-0.441129926431579,-0.19451659462606463,-26.815582701785466,0.19451659462606463,0.8737851778410578,-0.43894623350059303,-0.19462918474593996,-26.6726790169411
649994703.6903927,-1.8348642817734855,-1.2086840204319725e-10,2.8606041889254527e-10,-1.9076107523529712e-12,-6.949268936876695e-13,7.709737819626297,-152.76603085154056,-9.543689640292039e-11,1.3026804918491114e-10,-2.5431505640276803e-11,1.5579236970763415e-10,0.8713053845523413,-0.44311077383691816,-0.19760113280730734,-26.95605245956275,0.19760113280730734,0.8723977611682544,-0.44092746339342304,-0.19771635003727087,-26.81295646896357
651244693.5051819,-1.8419282378492894,-1.1812975540528446e-10,2.8676965073884194e-10,-1.9222235705446104e-12,-6.794728992087905e-13,7.751379951078787,-151.92639806426348,-9.433508883672857e-11,1.3090635803885182e-10,-2.379466656855593e-11,1.558632926999902e-10,0.8698928499516502,-0.4451025418702347,-0.20074015592948685,-27.097697066889204,0.20074015592948685,0.8709914298824344,-0.44291968745496524,-0.20085806430760886,-26.9544101853481
652494683.3199711,-1.84900576540656,-1.1538474952097934e-10,2.87451762293457e-10,-1.9367802482850465e-12,-6.63790583190875e-13,7.793223017179808,-151.0882974999754,-9.322906091676612e-11,1.3153528477755475e-10,-2.215568860421319e-11,1.5591647751590236e-10,0.8684610559096306,-0.4471052781045119,-0.20393479551660593,-27.240532329866323,0.20393479551660593,0.86956586334026,-0.4449229543796254,-0.20405546082069426,-27.097055997135655
653744673.1347604,-1.8560968644452966,-1.1263362879288484e-10,2.881066422013019e-10,-1.9512785148933482e-12,-6.478783725985895e-13,7.835269030411176,-150.25171512515806,-9.211889322752621e-11,1.32154802293243e-10,-2.051473556535867e-11,1.5595183990805894e-10,0.8670096755164473,-0.44911902655699243,-0.2071862207494355,-27.384574224707013,0.2071862207494355,0.8681207343817628,-0.4469373093235215,-0.20730971053261463,-27.240909905887953
654994662.9495496,-1.8632015349655018,-1.0987663978870434e-10,2.8873418013150864e-10,-1.9657160493270122e-12,-6.317346840288845e-13,7.877519952676749,-149.41663767271967,-9.100466651706984e-11,1.3276488417700878e-10,-1.887197327163447e-11,1.559692959544998e-10,0.8655383767632022,-0.4511438279384951,-0.21049562594631233,-27.529838880228425,0.21049562594631233,0.8666557107305589,-0.44896279415219187,-0.2106220095658648,-27.385988066295067
656244652.7643387,-1.8703197769671676,-1.0711403116645765e-10,2.8933426702426135e-10,-1.9800904818948236e-12,-6.153579304250904e-13,7.919977238037812,-148.58305239916888,-8.988646169090345e-11,1.3336550471966698e-10,-1.7227569475554196e-11,1.5596876230459442e-10,0.8640468232600987,-0.4531797208701211,-0.2138642194343327,-27.676342628121706,0.2138642194343327,0.8651704557133253,-0.4509994486568088,-0.213993568087021,-27.5323068365698
657494642.579128,-1.8774515904502986,-1.043460534578968e-10,2.8990679519524536e-10,-1.9943993998544927e-12,-5.987465238930717e-13,7.96264167670452,-147.75094659659302,-8.876435980585325e-11,1.339566389125543e-10,-1.5581693652043488e-11,1.559501562826911e-10,0.8625346737878817,-0.4552267433112885,-0.21729322058986214,-27.82410209533084,0.21729322058986214,0.8636646278124789,-0.45304731198324266,-0.21742560736430777,-27.679882870897806
658744632.3939172,-1.8845969754148915,-1.0157295885292491e-10,2.9045165823889935e-10,-2.008640352982657e-12,-5.818988730081708e-13,8.005513621458885,-146.92030713953594,-8.763844206393801e-11,1.3453826244827474e-10,-1.3934516788986902e-11,1.5591339579062462e-10,0.8610015808669743,-0.4572849333209997,-0.22078386716736775,-27.973134288964992,0.22078386716736775,0.8621378792354338,-0.45510642339541046,-0.22091936711527987,-27.828733204334547
659994622.2087064,-1.8917559318609474,-9.879500112734307e-11,2.909687507897392e-10,-2.022810855218045e-12,-5.648133762366355e-13,8.048593460296352,-146.09112032086205,-8.65087898062392e-11,1.351103517213905e-10,-1.2286211321103848e-11,1.5585839906834875e-10,0.8594471890908209,-0.4593543286564568,-0.22433742917520647,-28.123456628589217,0.22433742917520647,0.8605898542465131,-0.45717682187593994,-0.2244761193936383,-27.978875285010524
661244612.0234957,-1.898928459788464,-9.601243577257842e-11,2.9145796828401315e-10,-2.036908380770897e-12,-5.474884153690336e-13,8.091882063403684,-145.263372062064,-8.5375484506771e-11,1.3567288382905878e-10,-1.0636951265807397e-11,1.5578508445495437e-10,0.8578711341022001,-0.4614349653790753,-0.22795522184270847,-28.275086910915658,0.22795522184270847,0.8590201881407477,-0.4592585447331346,-0.22809718155419917,-28.13032693872338
662494601.8382849,-1.9061145591974429,-9.322552026842207e-11,2.919192068634757e-10,-2.050930356314296e-12,-5.299223528501812e-13,8.135380953238252,-144.43704837052607,-8.423860776634849e-11,1.3622583657161466e-10,-8.986912502073596e-12,1.5569337029186096e-10,0.8562730427188086,-0.4635268762047099,-0.23163861076868258,-28.428043230585498,0.23163861076868258,0.8574285073669228,-0.4613516259506217,-0.2317839213885321,-28.283106289672197
663744591.653074,-1.9133142300878845,-9.043451435712561e-11,2.923523634797207e-10,-2.0648741531382213e-12,-5.121135346066711e-13,8.179092108223387,-143.61213578001826,-8.309824130645615e-11,1.3676918845309987e-10,-7.33627305066947e-12,1.5558317502662082e-10,0.8546525340520537,-0.4656300894773564,-0.2353890068289507,-28.582343905820164,0.2353890068289507,0.8558144306449006,-0.4634560951593865,-0.23553775201721366,-28.437231686147776
664994581.4678633,-1.9205274724597863,-8.763968017767474e-11,2.9275733614033925e-10,-2.0787370831343088e-12,-4.940602967628439e-13,8.223017519042546,-142.78862152617197,-8.195446696311644e-11,1.373029186817374e-10,-5.6852132145583e-12,1.554544174586019e-10,0.8530092208916956,-0.4677446292828596,-0.2392078542820219,-28.738007454939844,0.2392078542820219,0.8541775703502897,-0.4655719777497938,-0.23936011998780615,-28.59272167716383
666244571.2826525,-1.927754286313145,-8.484128220208705e-11,2.9313402415579683e-10,-2.0925164002045196e-12,-4.757609723794019e-13,8.267158753164402,-141.96649336367557,-8.080736668075891e-11,1.3782700717035233e-10,-4.033915521328102e-12,1.5530701698544442e-10,0.851342710476398,-0.4698705165605593,-0.2430966194025882,-28.8950526407377,0.2430966194025882,0.8525175332861049,-0.46769929598260884,-0.24325249391374457,-28.749595056962292
667494561.0974418,-1.9349946716479627,-8.203958703231692e-11,2.934823282463925e-10,-2.106209305488805e-12,-4.572138943616064e-13,8.311516772729837,-141.14573913588868,-7.965702250609059e-11,1.3834143453673858e-10,-2.3825645262262937e-12,1.551408937096539e-10,0.8496526041232016,-0.4720077704950586,-0.2470567866757323,-29.05349856104939,0.2470567866757323,0.8508339203133516,-0.4698380703816622,-0.24721636068536945,-28.907870955667057
668744550.912231,-1.9422486284642422,-7.92348631984107e-11,2.9380215045137785e-10,-2.119812952558583e-12,-4.384173929501042e-13,8.35609210259384,-140.32634634447885,-7.850351658196797e-11,1.3884618210397166e-10,-7.313466164426973e-13,1.549559683474061e-10,0.8479384958436175,-0.47415640930772496,-0.2510898652783026,-29.213364737631803,0.2510898652783026,0.8491263249671546,-0.4719883205273504,-0.2512532319712393,-29.067568928161247
669994540.7270201,-1.9495161567619763,-7.642738109809953e-11,2.940933938986028e-10,-2.133324448735333e-12,-4.193697893935619e-13,8.400885245888439,-139.5083019609708,-7.734693114127099e-11,1.3934123190066824e-10,9.19550043171464e-13,1.5475216199793453e-10,0.8461999706540507,-0.4763164499105994,-0.25519740271999275,-29.374671156595255,0.25519740271999275,0.8473943317656695,-0.47415006471259247,-0.2553646578722436,-29.228708994442773
671244530.5418094,-1.9567972565411669,-7.361741313562042e-11,2.9435596257482093e-10,-2.1467408509511126e-12,-4.0006938964220213e-13,8.44589710746153,-138.69159258029333,-7.618734850077993e-11,1.3982656666119092e-10,2.5699353651594935e-12,1.5452939591363004e-10,0.8444366034607729,-0.47848790653607587,-0.25938099845673024,-29.537438241429136,0.25938099845673024,0.8456375150923792,-0.47632331857350624,-0.2595522405352319,-29.391311612551597
672494520.3565986,-1.9640919278018125,-7.080523400169734e-11,2.94589761236332e-10,-2.1600591577418014e-12,-3.805144818890011e-13,8.491129186657554,-137.8762048215371,-7.502485105505492e-11,1.403021698258002e-10,4.219617053357596e-12,1.5428759141053178e-10,0.8426479590664485,-0.48067078903980365,-0.2636423103352326,-29.70168677822559,0.2636423103352326,0.8438554391998516,-0.47850809339176803,-0.26381764058619805,-29.555397603739383
673744510.1713878,-1.9714001705439146,-6.799112095516723e-11,2.9479469551755543e-10,-2.1732763011954603e-12,-3.6070333953647305e-13,8.536583436296114,-137.06212574416188,-7.385952127031931e-11,1.4076802554075243e-10,5.8684003151520195e-12,1.5402666997680303e-10,0.840833593198698,-0.4828651017565941,-0.26798305084639645,-29.867437840030963,0.26798305084639645,0.8420476592365316,-0.48070439494882994,-0.2681625733686691,-29.720988076852713
674994499.9861771,-1.9787219847674722,-6.517535396718126e-11,2.9497067217971185e-10,-2.1863891426658732e-12,-3.4063422800479254e-13,8.582261875006173,-136.2493430445854,-7.269144167834692e-11,1.4122411865834425e-10,7.516087711165656e-12,1.5374655352136763e-10,0.8389930538731226,-0.48507084346583307,-0.27240497600146174,-30.034712757779577,0.27240497600146174,0.840213722609492,-0.48291222348953206,-0.27258879781142203,-29.88810439937701
676244489.8009663,-1.9860573704724853,-6.235821567069062e-11,2.9511759936063594e-10,-2.199394473820856e-12,-3.2030541157383025e-13,8.628166176870776,-135.4378449271801,-7.152069487035385e-11,1.416704347369035e-10,9.162479199663228e-12,1.5344716462373243e-10,0.837125882211105,-0.4872880083805997,-0.27690987386855725,-30.203533158732093,0.27690987386855725,0.8383531698030913,-0.4851315747104269,-0.2770981049694402,-30.056768236012296
677494479.6157554,-1.9934063276589518,-5.953999117292395e-11,2.9523538668719825e-10,-2.2122890214444436e-12,-2.9971515646390817e-13,8.674297469879045,-134.62761972942195,-7.034736349089516e-11,1.4210696004072706e-10,1.080737231797122e-11,1.5312842664647117e-10,0.8352316121460674,-0.4895165874828399,-0.2814995600121322,-30.373921054924637,0.2814995600121322,0.8364655340861631,-0.48736244109566906,-0.2816923134799676,-30.227001637219935
678744469.4305447,-2.000768856326866,-5.6720967869409464e-11,2.95323945193283e-10,-2.2250694521969804e-12,-2.7886172859226695e-13,8.720656451765835,-133.81865551741978,-6.917153023176712e-11,1.4253368153996473e-10,1.245056236235758e-11,1.5279026365331829e-10,0.8333097690897149,-0.49175656932513,-0.2861758831546119,-30.545898935751875,0.2861758831546119,0.8345503401781705,-0.48960481272065026,-0.2863732752451594,-30.398827131819633
679994459.2453339,-2.008144956476237,-5.390143539766079e-11,2.953831871008464e-10,-2.237732373549162e-12,-2.577433875811567e-13,8.76724375069444,-133.01093987965268,-6.799327782591492e-11,1.429505869104506e-10,1.4091842428254123e-11,1.5243260019039587e-10,0.831359868225337,-0.49400793972293094,-0.29094073857033476,-30.719489816623813,0.29094073857033476,0.8326071025408528,-0.4918586769462396,-0.29114288884138634,-30.572267775580578
681244449.0601231,-2.01553462810706,-5.108168578747236e-11,2.9541302560213305e-10,-2.2502743293298603e-12,-2.3635838080049336e-13,8.814060322197196,-132.20446002988487,-6.68126890413477e-11,1.4335766453348094e-10,1.5731003253875373e-11,1.520553610686521e-10,0.8293814133066104,-0.49627068039454425,-0.29579608234171195,-30.894717220855128,0.29579608234171195,0.8306353241741662,-0.49412401705972675,-0.2960031137781533,-30.74734713301458
682494438.8749124,-2.022937871219332,-4.826201375062546e-11,2.9541337478070036e-10,-2.2626917914548496e-12,-2.1470494121623495e-13,8.861107658307427,-131.39920315370122,-6.56298466750593e-11,1.43754903495539e-10,1.7367832924433823e-11,1.5165847128516136e-10,0.8273738965470141,-0.4985447672050001,-0.3007439391502685,-31.07160511014987,0.3007439391502685,0.8286344965026474,-0.4964008105181515,-0.3009559782797318,-30.924089207801874
683744428.6897016,-2.0303546858130543,-4.544271697254503e-11,2.9538414972803506e-10,-2.274981151602417e-12,-1.927812906001548e-13,8.908387695736337,-130.59515679763663,-6.444483354695683e-11,1.4414229358796712e-10,1.9002116574411868e-11,1.5124185614006794e-10,0.8253367995562808,-0.5008301688909776,-0.3057863999963103,-31.250177808441876,0.3057863999963103,0.826604100309753,-0.49868902767145223,-0.3060035769904914,-31.10251836665598
684994418.5044907,-2.037785071888227,-4.2624096268875623e-11,2.953252667988192e-10,-2.287138716590115e-12,-1.7058564654100426e-13,8.955902481873519,-129.79230908067728,-6.325773249379754e-11,1.4451982530658581e-10,2.063363622492195e-11,1.5080544149223338e-10,0.8232695946779572,-0.503126846860531,-0.3109256120126634,-31.430459967698507,0.3109256120126634,0.824543607074795,-0.5009886315602274,-0.3111480607797124,-31.282659305235025
686244408.31928,-2.0452290294448465,-3.9806455550517744e-11,2.952366438679394e-10,-2.2991607089994743e-12,-1.4811622950622645e-13,9.003653792171367,-128.9906486130209,-6.20686263631326e-11,1.4488748985126046e-10,2.2262170812614878e-11,1.5034915401667895e-10,0.8211717458518254,-0.5054347560374691,-0.3161637670689816,-31.612476600438146,0.3161637670689816,0.8224524798359117,-0.5032995787590864,-0.31639162534951093,-31.464537080802796
687494398.1340692,-2.052686558482912,-3.6990101653979384e-11,2.9511820045276036e-10,-2.3110432714910906e-12,-1.253712662151413e-13,9.051642915202994,-128.19016417430538,-6.087759800726105e-11,1.4524527912541489e-10,2.388749635328171e-11,1.4987292132734548e-10,0.8190427083982271,-0.5077538461146639,-0.3215030965724829,-31.796253165787203,0.3215030965724829,0.8203301729750931,-0.5056218206304233,-0.32173650605204707,-31.648177198397278
688744387.9488584,-2.060157659002428,-3.417534417357579e-11,2.949698576444652e-10,-2.322782471069471e-12,-1.0234898778389835e-13,9.099870722274648,-127.39084433748697,-5.968473027719171e-11,1.4559318573549292e-10,2.5509386103615938e-11,1.4937667190897218e-10,0.8168819277403144,-0.5100840623408699,-0.326945876360695,-31.981815665535734,0.326945876360695,0.8181761309401577,-0.5079553041129008,-0.327184982804497,-31.833605706917396
689994377.7636477,-2.067642331003389,-3.136249543159741e-11,2.9479153790516945e-10,-2.3343742995684843e-12,-7.904762419582736e-14,9.14833797574441,-126.59267725065308,-5.849010601661561e-11,1.459312029903677e-10,2.712761058501818e-11,1.4886033491480175e-10,0.8146888376889119,-0.5124253452288187,-0.3324944398571982,-32.169190701138085,0.3324944398571982,0.8159897865277785,-0.5102999714313877,-0.3327393932626356,-32.02084925607088
691244367.5784369,-2.075140574485795,-2.8551870642577547e-11,2.945831648669182e-10,-2.345814668819493e-12,-5.54653988261104e-14,9.197045697149832,-125.79565069521676,-5.729380805588782e-11,1.4625932490069817e-10,2.8741937413310247e-11,1.4832383996622004e-10,0.8124628591635827,-0.514777629186274,-0.3381511929874412,-32.35840546504963,0.3381511929874412,0.8137705596014488,-0.5126557587289059,-0.33840214774236715,-32.209935087619485
692494357.393226,-2.082652389449645,-2.5743788215303286e-11,2.943446632682681e-10,-2.3570994020462455e-12,-3.1600526738593204e-14,9.24599538693898,-124.99975238080236,-5.6095919206020184e-11,1.4657754617823412e-10,3.035213099071694e-11,1.4776711709003404e-10,0.8102033999704578,-0.5171408406832685,-0.3439186233893265,-32.54948767736961,0.3439186233893265,0.8115178568659327,-0.5150225942332011,-0.34417573842336857,-32.40089097195923
693744347.2080153,-2.0901777758949422,-2.2938570057097178e-11,2.940759590844733e-10,-2.3682242251980514e-12,-7.451218289479902e-15,9.295188975982407,-124.20497030511392,-5.489652225268494e-11,1.468858622350689e-10,3.1957952195587805e-11,1.4719009684940433e-10,0.8079098556485818,-0.5195148968267747,-0.3497992997463775,-32.74246551004808,0.3497992997463775,0.8092310727111146,-0.5174003968294826,-0.35006273866903825,-32.5937451323453
694994337.0228045,-2.0977167338216822,-2.0136541745301116e-11,2.9377697979521214e-10,-2.3791847619217033e-12,1.698431349804019e-14,9.344628542604122,-123.41129297472548,-5.369569995022985e-11,1.4718426918284058e-10,3.3559158204928733e-11,1.465927106123715e-10,0.8055816107822947,-0.5218997049711422,-0.3557958627375993,-32.93736754809603,0.3557958627375993,0.8069095905233532,-0.5197890756686361,-0.35606579396735427,-32.788526206207024
696244326.8375937,-2.1052692632298626,-1.733803251029115e-11,2.9344765465496854e-10,-2.3899765336974102e-12,4.170784548374662e-14,9.394315959747601,-122.61870936578705,-5.249353501570502e-11,1.474727638318812e-10,3.515550250541387e-11,1.459748908230874e-10,0.8032180399100237,-0.5242951633890888,-0.361911013908638,-33.13422281625511,0.361911013908638,0.8045527835944617,-0.5221885308368501,-0.36218761080513395,-32.98526327196701
697494316.652383,-2.112835364119488,-1.4543375086034242e-11,2.930879148315803e-10,-2.400594963604233e-12,6.672114056940007e-14,9.444252672131261,-121.82720865263188,-5.129011012290234e-11,1.477513436903145e-10,3.674673503686809e-11,1.4533657114126586e-10,0.8008185073926628,-0.5267011624111368,-0.3681475099839309,-33.33306086242142,0.3681475099839309,0.8021600149904985,-0.5245986544951682,-0.36843095099666523,-33.18398593259165
698744306.4671721,-2.1204150364905496,-1.1752905562747818e-11,2.92697693357587e-10,-2.411035380028477e-12,9.202594898380166e-14,9.494439725398543,-121.03677986191182,-5.00855078964074e-11,1.4802000696310276e-10,3.833260233365957e-11,1.446776863944842e-10,0.7983823662028272,-0.5291175851652721,-0.37450816707229323,-33.53391185695957,0.37450816707229323,0.7997306363405171,-0.5270193316204804,-0.3747986359129126,-33.38472441495485
699994296.2819613,-2.1280082803430553,-8.966963375834126e-12,2.9227692495029544e-10,-2.421293016639216e-12,1.1762401316187293e-13,9.544878024824934,-120.24741164784777,-4.887981090566505e-11,1.482787525510417e-10,3.991284752983095e-11,1.4399817239925371e-10,0.7959089562156366,-0.5315443072711689,-0.3809958736204969,-33.736806658193885,0.3809958736204969,0.7972639861252783,-0.529450439701325,-0.3812935594557534,-33.58750963529206
701244286.0967506,-2.135615095677004,-6.185891486435029e-12,2.918255458347662e-10,-2.431363007114581e-12,1.435170725410882e-13,9.595568672846131,-119.45909231141997,-4.76731016590582e-11,1.4852758004970485e-10,4.1487210172623206e-11,1.4329796578506127e-10,0.7933976028666584,-0.5339811954358715,-0.3876136060313672,-33.94177681383533,0.3876136060313672,0.7947593883318129,-0.5318918473342356,-0.38791870368522446,-33.79237320054282
702494275.9115398,-2.143235482492386,-3.4100366980702595e-12,2.9134349370354613e-10,-2.4412403761404317e-12,1.6970686460880768e-13,9.64651319413688,-118.67181004640912,-4.6465462598001054e-11,1.4876648974833704e-10,4.3055425899930844e-11,1.4257700395520906e-10,0.7908476168302842,-0.5364281055194337,-0.394364439395089,-34.1488545047753,0.394364439395089,0.7922161521280615,-0.534343412288484,-0.39467714954688266,-33.99934735208029
703744265.726329,-2.150869440789204,-6.397499758170821e-13,2.908307078684484e-10,-2.4509200303400194e-12,1.9619512068546642e-13,9.697713524775425,-117.88555326833679,-4.52569760910469e-11,1.4899548262869678e-10,4.461722611522981e-11,1.4183522523975163e-10,0.7882582947849175,-0.5388848809327321,-0.40125154861702905,-34.35807247065488,0.40125154861702905,0.7896335726251326,-0.5368049799016583,-0.40157207798823835,-34.20846489129269
704994255.5411183,-2.158516970567467,2.1246133651379098e-12,2.9028712954919926e-10,-2.4603967527830856e-12,2.2298355795538519e-13,9.749171777429913,-117.10031083940001,-4.404772442801051e-11,1.4921456036384826e-10,4.6172337793148456e-11,1.4107256918535105e-10,0.7856289207076339,-0.541351352027469,-0.4082782007434871,-34.56946396713236,0.4082782007434871,0.7870109321704918,-0.5392763824670473,-0.40860676227594844,-34.419759136952976
706244245.3559074,-2.1661780718271593,4.882693656496883e-12,2.8971270216605583e-10,-2.4696652025791447e-12,2.5007387138618213e-13,9.800889919844415,-116.31607206546643,-4.283778981410676e-11,1.494237253169035e-10,4.7720483470603716e-11,1.4028897684915233e-10,0.7829587668385788,-0.5438273365572046,-0.41544774434527,-34.78306278686185,0.41544774434527,0.7843475013121434,-0.5417574396928331,-0.4157845573823017,-34.63326394635337
707494235.1706966,-2.173852744568292,7.634127004232793e-12,2.8910737150386974e-10,-2.4787199180435404e-12,2.7746772916748065e-13,9.852869549118521,-115.53282647211215,-4.1627254364104156e-11,1.496229805397133e-10,4.926138136833698e-11,1.3948439096415638e-10,0.7802470936473919,-0.5463126406625356,-0.4227636035386812,-34.998903340088034,0.4227636035386812,0.7816425387651309,-0.5442479596868628,-0.4231088940230212,-34.84901379604236
708744224.9854859,-2.1815409887908563,1.0378545413736767e-11,2.884710856930548e-10,-2.4875553198030275e-12,3.0516677316333396e-13,9.905111886017677,-114.75056349041503,-4.041620009649573e-11,1.4981232977150915e-10,5.079474551023251e-11,1.3865875592154564e-10,0.7774931487092179,-0.5488070595225117,-0.43022928162997365,-35.217020757021004,0.43022928162997365,0.778895290286766,-0.5467477396088994,-0.4305832823270586,-35.067043884269886
709994214.8002751,-2.1892428044948553,1.3115576780482076e-11,2.878037950626216e-10,-2.4961657102176065e-12,3.331726228670037e-13,9.957617987087557,-113.96927223055056,-3.920470892768556e-11,1.4999177743749456e-10,5.2320285708167646e-11,1.3781201762512702e-10,0.7746961650254707,-0.5513103769961348,-0.4378483739422195,-35.4374509619817,0.4378483739422195,0.7761049869950606,-0.5492565653132461,-0.43821132468727275,-35.287390205114235
711244204.6150643,-2.19695819168029,1.5844844691641516e-11,2.8710545199763596e-10,-2.504545267623834e-12,3.614868792319557e-13,10.010389050313826,-113.18894146756469,-3.7992862666193565e-11,1.5016132864738737e-10,5.3837707357835075e-11,1.3694412335024851e-10,0.7718553596439609,-0.5538223641470187,-0.44562458421435036,-35.66023068560819,0.44562458421435036,0.7732708439851678,-0.5517742098736547,-0.44599673217270663,-35.51008956061396
712494194.4298536,-2.204687150347154,1.8565968093419942e-11,2.863760109331141e-10,-2.5126880368998477e-12,3.9011112476237034e-13,10.063426640758925,-112.40955984166297,-3.678074300687699e-11,1.5032098919391225e-10,5.534671110029695e-11,1.360550217392019e-10,0.7689699332615445,-0.5563427771734757,-0.4535617369911272,-35.88539741688169,0.4535617369911272,0.770392059927914,-0.554300431512088,-0.453943336918356,-35.73517951273041
713744184.2446427,-2.212429680495455,2.127856095577661e-11,2.8561542853896836e-10,-2.520587919959632e-12,4.190469183669108e-13,10.116732711819973,-111.6311161550932,-3.556843152517061e-11,1.5047076555124388e-10,5.684699248094728e-11,1.3514466298772443e-10,0.7660390709293128,-0.5588713555940745,-0.4616637807689993,-36.112989331178014,0.4616637807689993,0.7674678177716169,-0.5568349717815411,-0.4620550952622361,-35.96269831140677
714994174.059432,-2.2201857821251783,2.3982232065873375e-11,2.8482366404169745e-10,-2.528238669774719e-12,4.482957864635271e-13,10.17030941539644,-110.85359959655949,-3.4356009671344866e-11,1.5061066487340164e-10,5.833824173721826e-11,1.342129991682958e-10,0.7630619433496841,-0.5614078213773808,-0.469934781987258,-36.34304524437612,0.469934781987258,0.7644972860372471,-0.5593775546925701,-0.47033608172909513,-36.192684848776956
716244163.8742212,-2.2279554552363368,2.667658500445635e-11,2.8400067955188776e-10,-2.535633889408467e-12,4.778592139225447e-13,10.22415881267099,-110.07699976898468,-3.314355876478319e-11,1.5074069499259457e-10,5.982014376923958e-11,1.332599845592932e-10,0.7600377079187649,-0.5639518791476488,-0.4783789152258151,-36.57560462841732,0.4783789152258151,0.7614796198601503,-0.56192788691644,-0.4787904792315451,-36.42517867488704
717494153.6890104,-2.235738699828926,2.936121825084458e-11,2.8314644026694086e-10,-2.542767034574547e-12,5.077386384256253e-13,10.27828265003382,-109.30130650972573,-3.193115998827847e-11,1.5086086441751866e-10,6.129237823912307e-11,1.322855758494222e-10,0.7569655088184782,-0.5665032169661235,-0.4870004571920463,-36.81070768895483,0.4870004571920463,0.7584139610819082,-0.5644856585652743,-0.48742257307445164,-36.660220075504
718744143.5037997,-2.2435355159029404,3.203572528582661e-11,2.8226091449531504e-10,-2.549631416138924e-12,5.379354497121541e-13,10.332682324017126,-108.52650960884421,-3.071889438234948e-11,1.5097118233160502e-10,6.275461966817607e-11,1.3128973216371e-10,0.7538444760136253,-0.5690615068434223,-0.4958037899887109,-37.04839547064404,0.4958037899887109,0.7552994372463352,-0.5670505437045245,-0.4962367542503044,-36.89785017749949
719994133.3185889,-2.251345903458383,3.4699694562116445e-11,2.8134407355674627e-10,-2.5562201989941713e-12,5.684509922209234e-13,10.387359050129081,-107.75259858541376,-2.950684283957696e-11,1.5107165859122017e-10,6.420653740169342e-11,1.302724149655261e-10,0.7506737236423973,-0.571626404279303,-0.5047934139451934,-37.28870994015263,0.5047934139451934,0.7521351599874093,-0.5696221998931496,-0.5052375322980143,-37.138111031863005
721244123.133378,-2.259169862495252,3.7352709288615496e-11,2.8039589168903785e-10,-2.5625263958334403e-12,5.992865675493811e-13,10.44231413596786,-106.97956264526992,-2.8295086098960698e-11,1.511623037238184e-10,6.564779538757617e-11,1.2923358796521941e-10,0.7474523486411259,-0.5741975466702997,-0.5139739649297052,-37.53169400989962,0.5139739649297052,0.7489202236500446,-0.5722002665908112,-0.5144295526331861,-37.3810456373805
722494112.9481673,-2.2670073930135475,3.9994347082525164e-11,2.7941634609168687e-10,-2.5685428573047766e-12,6.304434331614748e-13,10.497549203196447,-106.20739083890345,-2.7083704740297268e-11,1.51243128926046e-10,6.707805182282241e-11,1.2817321716564087e-10,0.7441794303134814,-0.5767745510600363,-0.5233502285907883,-37.77739149949148,0.5233502285907883,0.7456537048548316,-0.574784362906156,-0.5238176107941,-37.62669790201061
723744102.7629565,-2.274858495013268,4.262417961922062e-11,2.7840541716031366e-10,-2.574262262104882e-12,6.619227958656481e-13,10.55306623557141,-105.43607232573824,-2.5872779178579294e-11,1.513141460617985e-10,6.849695879779994e-11,1.2709127109851513e-10,0.7408540310167463,-0.5793570120671544,-0.532927145804236,-38.02584706749511,0.532927145804236,0.7423346631805362,-0.5773740855212259,-0.5334066578834,-37.875112574662715
724994092.5777457,-2.2827231684944134,4.52417724094776e-11,2.7736308885845485e-10,-2.579677110562765e-12,6.937258015269948e-13,10.60886743069536,-104.66559659394736,-2.4662389658416372e-11,1.5137536766023015e-10,6.9904162067894e-11,1.2598772119822475e-10,0.7374751975026003,-0.5819445007053452,-0.5427098086850338,-38.27710616329257,0.5427098086850338,0.7389621425025429,-0.5799690075073808,-0.5432017965746927,-38.12633519715084
726244082.392535,-2.2906014134569808,4.78466847576097e-11,2.7628934909770977e-10,-2.5847797231806082e-12,7.258535245481447e-13,10.664954943511868,-103.89595351373394,-2.3452616248478253e-11,1.514268069137166e-10,7.129930100608794e-11,1.2486254218399325e-10,0.7340419620819885,-0.5845365642789565,-0.5527034519719196,-38.53121503759355,0.5527034519719196,0.7355351721567208,-0.5825686782173586,-0.5532082725015692,-38.38041211487545
727494072.2073241,-2.2984932299009726,5.043846984704627e-11,2.7518418999755726e-10,-2.5895622426669253e-12,7.583069606442922e-13,10.721330667811504,-103.12713319829466,-2.2243538835960223e-11,1.5146847767577054e-10,7.268200868300653e-11,1.2371571232178677e-10,0.7305533428939246,-0.5871327269015922,-0.5629134473089512,-38.788220817098356,0.5629134473089512,0.7320527672076741,-0.5851726238016518,-0.5634314685581053,-38.637390551664176
728744062.0221133,-2.3063986178263844,5.3016674824563524e-11,2.7404760797196785e-10,-2.5940166359336773e-12,7.910870243611002e-13,10.777996176958865,-102.3591257548708,-2.1035237121072296e-11,1.5150039445891104e-10,7.405191194563584e-11,1.225472135130568e-10,0.7270083430824719,-0.5897324898094903,-0.5733453063912333,-39.04817161261949,0.5733453063912333,0.7285139276244602,-0.5877803475208823,-0.5738769080747363,-38.89731871801259
729994051.8369026,-2.3143175772332185,5.558084075471724e-11,2.7287960369661507e-10,-2.598134692538127e-12,8.241945498613775e-13,10.834952852895508,-101.59192106757189,-1.982779061155055e-11,1.5152257243248629e-10,7.540863136626779e-11,1.2135703126412875e-10,0.7234059493228552,-0.592335330741445,-0.5840046939983412,-39.311116611241395,0.5840046939983412,0.7249176368039602,-0.5903913291250641,-0.584550267883722,-39.16024590327294
731244041.6516918,-2.322250108121471,5.813050239156237e-11,2.716801820855844e-10,-2.601908018119783e-12,8.576302914491363e-13,10.892202126506257,-100.82550873219562,-1.8621278617193373e-11,1.5153502742045028e-10,7.675178100875577e-11,1.2014515466513415e-10,0.7197451305209918,-0.5949407021745037,-0.5948974464183635,-39.57710611245966,0.5948974464183635,0.7212628602662691,-0.5930050230877997,-0.5954573967669915,-39.426222511751014
732494031.466481,-2.330196210491144,6.066518782107339e-11,2.7044935240618024e-10,-2.6053280242957396e-12,8.91394920307793e-13,10.949745692242871,-100.05987817519485,-1.7415780244421108e-11,1.5153777589909372e-10,7.80809680654945e-11,1.1891157650708646e-10,0.71602483742102,-0.5975480288417503,-0.6060295878043911,-39.8461915003619,0.6060295878043911,0.7175485452575617,-0.5956208561209474,-0.6066043318229398,-39.69530003483479
733744021.2812703,-2.3381558843422345,6.318441810251977e-11,2.691871285851868e-10,-2.6083859185282173e-12,9.254890159907094e-13,11.00758557789132,-99.29501888524659,-1.621137439086044e-11,1.515308349947294e-10,7.93957924933802e-11,1.1765629359045732e-10,0.7122440033449954,-0.6001567053492074,-0.6174073382844416,-40.1184251805434,0.6174073382844416,0.7137736214857684,-0.5982382247868355,-0.6179973065759469,-39.96753098791545
734994011.0960594,-2.346129129674741,6.568770703676987e-11,2.67893529654014e-10,-2.611072697470364e-12,9.599130541043117e-13,11.0657240344058,-98.53092062489083,-1.5008139739953793e-11,1.5151422248133208e-10,8.069584677672369e-11,1.163793071726819e-10,0.7084015456516236,-0.6027660946292676,-0.6290371124377802,-40.393860530787464,0.6290371124377802,0.7099370025767319,-0.6008564939462918,-0.6296427494505583,-40.2429688611672
736244000.9108486,-2.3541159464886663,6.817456111452331e-11,2.665685802056037e-10,-2.613379145242342e-12,9.946673936665959e-13,11.124163312117101,-97.76757350435098,-1.3806154755593858e-11,1.5148795677813322e-10,8.19807158701172e-11,1.1508062342747044e-10,0.7044963671029605,-0.6053755274645829,-0.6409255123332536,-40.67255190703966,0.6409255123332536,0.7060375874397304,-0.6034749962775753,-0.6415472768163967,-40.521668125699456
737493990.7256379,-2.3621163347840026,7.06444795919199e-11,2.6521231073628795e-10,-2.61529583519797e-12,1.0297522676151858e-12,11.18290545127988,-97.00496787970536,-1.2605497676783925e-11,1.5145205694717133e-10,8.324997726870386e-11,1.1376025378911659e-10,0.7005273563975808,-0.6079843026788085,-0.6530793225293546,-40.95455471513433,0.6530793225293546,0.7020742608000204,-0.6060930324633935,-0.6537176880093594,-40.80368430548147
738743980.5404271,-2.370130294560756,7.30969545666849e-11,2.6382475782054316e-10,-2.616813131706869e-12,1.0651677778911125e-12,11.241952203511142,-96.24309413660606,-1.1406246512324198e-11,1.5140654269079727e-10,8.450320107900912e-11,1.1241821512974586e-10,0.6964933876252105,-0.6105916871852933,-0.6655055134428125,-41.23992552173112,0.6655055134428125,0.698045892652243,-0.6087098712370579,-0.6661609687337989,-41.08907408842766
739993970.3552163,-2.3781578258189264,7.553147092829715e-11,2.624059641718173e-10,-2.6179211884860357e-12,1.1009138936414572e-12,11.301305124534203,-95.48194248295627,-1.0208479035524398e-11,1.5135143434913548e-10,8.573994996382153e-11,1.1105452982268185e-10,0.6923933190355201,-0.6131969151441539,-0.6782112548668479,-41.528722155993876,0.6782112548668479,0.6939513370265826,-0.6113247485373604,-0.6788843046182296,-41.37789542813634
741243960.1700056,-2.386198928558506,7.7947506130179e-11,2.609559787166882e-10,-2.61860994205617e-12,1.1369904490543716e-12,11.360965782015477,-94.7215028656538,-9.012272778943565e-12,1.5128675289750137e-10,8.695977890912258e-11,1.0966922581918681e-10,0.6882259919263392,-0.6157991859673287,-0.6912039357878907,-41.82100375913361,0.6912039357878907,0.6897894308729867,-0.6139368655105963,-0.6918951010626335,-41.6702075934142
742493949.9847947,-2.3942536027794987,8.034452983680588e-11,2.594748568093322e-10,-2.6188691017719534e-12,1.1733971373476174e-12,11.42093595961816,-93.96176505423274,-7.817705029156516e-12,1.512125199437747e-10,8.816223486596237e-11,1.0826233686555759e-10,0.6839902304075576,-0.6183976615486803,-0.7044911832059941,-42.11683076886949,0.7044911832059941,0.6855589938205281,-0.6165453857359819,-0.705201002076453,-41.96607115269849
743743939.7995839,-2.4023218484819013,8.27220035724853e-11,2.5796266063907335e-10,-2.6186881398988486e-12,1.210133499464936e-12,11.48121774371565,-93.20271884004461,-6.624852821548245e-12,1.5112875772572968e-10,8.934685639403353e-11,1.0683390291334365e-10,0.6796848423152642,-0.6209914635156925,-0.7180808733642878,-42.416264863155554,0.7180808733642878,0.6812588290876621,-0.6191494324710046,-0.7188099015138278,-42.265547917792965
744993929.6143732,-2.4104036656657177,8.507938049831258e-11,2.5641945977928356e-10,-2.6180562852022802e-12,1.247198908897356e-12,11.541813447675496,-92.44435423661878,-5.433792935135891e-12,1.5103548910832179e-10,9.051317343344845e-11,1.0538397067096169e-10,0.6753086209137408,-0.6235796712602998,-0.7319811332386527,-42.719368911017,0.7319811332386527,0.676887725181805,-0.621748086675071,-0.7327299445657899,-42.56870089480744
746243919.4291624,-2.4184990543309395,8.741610536987839e-11,2.5484533175235425e-10,-2.616962521489623e-12,1.2845925560618293e-12,11.60272542035154,-91.68666156929247,-4.2446018874192786e-12,1.5093273758093208e-10,9.166070725729767e-11,1.0391259417142215e-10,0.6708603465967515,-0.6261613210320289,-0.7462003358098952,-43.02620697471541,0.7462003358098952,0.6724444575997116,-0.6243403860957738,-0.7469695230422962,-42.87559428651208
747493909.2439516,-2.4266080144775697,8.973161462419776e-11,2.532403624857426e-10,-2.6153955896931804e-12,1.3223134356616018e-12,11.663955848652016,-90.92963140692814,-3.057355929259738e-12,1.5082052725456825e-10,9.27889705534575e-11,1.0241983523117442e-10,0.6663387878287352,-0.6287354057399983,-0.7607470963207132,-43.33684437876434,0.7607470963207132,0.6679277897684394,-0.6269253250651514,-0.7615372716535161,-43.186293561574935
748743899.0587409,-2.434730546105613,9.202533647105333e-11,2.516046466078326e-10,-2.6133439900748623e-12,1.3603603384327262e-12,11.725506664350203,-90.17325437776424,-1.872131039788198e-12,1.5069888285902383e-10,9.389746751084152e-11,1.0090576374880877e-10,0.6617427010336223,-0.6313008746773408,-0.7756302763218247,-43.65134782381895,0.7756302763218247,0.6633364729334883,-0.6295018542195117,-0.7764420720939293,-43.50086556863518
749993888.87353,-2.4428666492150573,9.429669086427572e-11,2.499382876361573e-10,-2.6107959811422097e-12,1.3987318458370806e-12,11.787379604254994,-89.41752097480317,-6.890029213423486e-13,1.5056782973999563e-10,9.498569378561807e-11,9.937045789616161e-11,0.6570708297753023,-0.6338566324006104,-0.7908589980604953,-43.969785498419554,0.7908589980604953,0.6586692453373153,-0.6320688793745718,-0.7916930674746072,-43.81937864814443
751243878.6883192,-2.4510163238059097,9.654508930200962e-11,2.482413981836163e-10,-2.6077395738798667e-12,1.4374263242599217e-12,11.849576386153363,-88.66242145906938,4.919530055664869e-13,1.5042739385615877e-10,9.605313629644311e-11,9.781400432745757e-11,0.6523219040136742,-0.6364015364562355,-0.8064426660691932,-44.29222714318435,0.8064426660691932,0.6539248314721386,-0.6346252592468036,-0.8072996839506341,-44.14190269657369
752493868.5031085,-2.4591795698781667,9.876993450852381e-11,2.4651410030805124e-10,-2.6041625227364117e-12,1.476441915277389e-12,11.912098899555119,-87.9079459116346,1.6706616072562182e-12,1.5027760177620093e-10,9.709927290126759e-11,9.623649853185023e-11,0.6474946402115243,-0.6389343942815573,-0.822390988900093,-44.61874404941242,0.822390988900093,0.6491019421830999,-0.6371698023476761,-0.8232716524817896,-44.46850916499781
753743858.3178977,-2.4673563874318267,1.0097062012302388e-10,2.44756526057318e-10,-2.6000523168036783e-12,1.515776520565446e-12,11.974949304823697,-87.15408440114668,2.8470480418469017e-12,1.5011848067581514e-10,9.8123572081177e-11,9.463804538150286e-11,0.6425877426159663,-0.6414539600543723,-0.8387139940401699,-44.94940901167972,0.8387139940401699,0.6441992759466754,-0.6397012638246704,-0.8396190237613375,-44.79927101171313
754993848.1326869,-2.4755467764668917,1.0314653052071325e-10,2.429688181588932e-10,-2.595396174619923e-12,1.5554277828465457e-12,12.038129988172642,-86.40082717029136,4.021037764202658e-12,1.4995005833465197e-10,9.912549275651057e-11,9.301875982424123e-11,0.6375999054038711,-0.6439589322661512,-0.8554220330838476,-45.284296280577294,0.8554220330838476,0.6392155210146547,-0.6422183430250029,-0.8563521733972865,-45.13426265508733
756243837.9474761,-2.4837507369833585,1.052970408184395e-10,2.411511307304472e-10,-2.5901810440306895e-12,1.5953930662592437e-12,12.101643401595878,-85.64816473676991,5.1925565308427946e-12,1.4977236313323113e-10,1.0010448428759666e-10,9.13787675972161e-11,0.6325298149283373,-0.6464479523502661,-0.8725257799471332,-45.623481562193874,0.8725257799471332,0.6341493576607913,-0.6447196821145509,-0.8734818001410593,-45.473559973248626
757493827.7622653,-2.4919682689812244,1.0742151701456744e-10,2.3930362988809025e-10,-2.5843936057276806e-12,1.6356694395286654e-12,12.165491879945307,-84.89608785479577,6.3615304048213014e-12,1.49585424049813e-10,1.0105998660974616e-10,8.971820583827731e-11,0.6273761512923806,-0.6489196040632629,-0.8900362290481828,-45.96704208501761,0.8900362290481828,0.6289994597555695,-0.6472038654508566,-0.8910189240965029,-45.81724037123959
758743817.5770545,-2.5001993724604925,1.0951931614044077e-10,2.3742649420172333e-10,-2.5780202771057257e-12,1.676253663323167e-12,12.229677537495135,-84.14458736211866,7.527885760574869e-12,1.4938927065722994e-10,1.0199143037986588e-10,8.803722354449343e-11,0.622137588912476,-0.6513724128585127,-0.907964700607595,-46.315056717285195,0.907964700607595,0.6237644953305838,-0.6496694189496133,-0.9089748920634113,-46.165382898593684
759993807.3918438,-2.5084440474211562,1.1158978630114337e-10,2.3551991504934475e-10,-2.5710472130875083e-12,1.7171421803766392e-12,12.294202299320649,-83.39365400047214,8.691549288738883e-12,1.4918393311967878e-10,1.0289823701240453e-10,8.633598192966596e-11,0.6168127963671585,-0.6538048444708047,-0.9263228564055047,-46.667606089754806,0.9263228564055047,0.6184431264269014,-0.6521148086624197,-0.9273613933456368,-46.518068372255435
761243797.206633,-2.516702293863224,1.1363226655585565e-10,2.3358409699426305e-10,-2.5634603025542294e-12,1.7583311049805117e-12,12.359068046409428,-82.64327830963511,9.852448000930943e-12,1.4896944218947314e-10,1.0377981855492475e-10,8.461465480478992e-11,0.6114004362911782,-0.6562153023590184,-0.9451227236290933,-47.02477267631068,0.9451227236290933,0.613034008987853,-0.6545384382117946,-0.9461904836465713,-46.87537945724468
762493787.0214221,-2.5249741117866837,1.1564608669027882e-10,2.3161925830888255e-10,-2.555245161819823e-12,1.7998162084573875e-12,12.42427679088393,-81.89345065162246,1.1010509234501814e-11,1.4874582920375792e-10,1.0463557745577705e-10,8.287342910512465e-11,0.6058991661068643,-0.6586021242853476,-0.9643767200800145,-47.38664080919971,0.9643767200800145,0.607535793588696,-0.6569386453610488,-0.9654746103128051,-47.237400681909634
763743776.8362114,-2.5332595011915444,1.176305670055784e-10,2.2962563169643663e-10,-2.5463871285582696e-12,1.841592899208657e-12,12.48983078336022,-81.1441613477173,1.2165660657253418e-11,1.4851312608118397e-10,1.0546490634832501e-10,8.111250561525261e-11,0.6003076399642271,-0.660963578780935,-0.9840976734577002,-47.75329664327905,0.9840976734577002,0.6019471273758369,-0.659313698468791,-0.9852266316404846,-47.60421840222042
764993766.6510006,-2.5415584620777967,1.195850182481302e-10,2.2760346516025882e-10,-2.536871259588943e-12,1.88365619871717e-12,12.555732494881347,-80.39540084895285,1.331783027212354e-11,1.482713653185459e-10,1.0626718797600667e-10,7.933209984171287e-11,0.5946245116319232,-0.6632978622889021,-1.0042988310090348,-48.12482811317149,1.0042988310090348,0.5962666569586661,-0.6616617936197904,-1.0054598265410877,-47.97592075905799
766243756.4657899,-2.5498709944454454,1.2150874173242508e-10,2.2555302289848605e-10,-2.526682333954444e-12,1.926000716850187e-12,12.621984487047808,-79.64715984434807,1.4466946421836748e-11,1.480205799873806e-10,1.0704179531058835e-10,7.753244291110544e-11,0.5888484376044643,-0.6656030973637705,-1.0249938615195862,-48.50132493197551,1.0249938615195862,0.5904930315194945,-0.6639810528123359,-1.026187896552872,-48.352597677159494
767493746.2805791,-2.55819709829449,1.2340102960816612e-10,2.234745861023078e-10,-2.5158048599493105e-12,1.968620629801836e-12,12.688589245558788,-78.89942924842686,1.5612937793521645e-11,1.4776080373052923e-10,1.0778809181464446e-10,7.571378237177855e-11,0.5829780796406268,-0.6678773316785829,-1.0461968562046433,-48.882878657446916,1.0461968562046433,0.5846249053558735,-0.666269522954288,-1.0474249667651467,-48.73434093159678
768743736.0953683,-2.5665367736249216,1.2526116515127033e-10,2.213684536076121e-10,-2.504223082804151e-12,2.0115096620489725e-12,12.755549070516857,-78.15220007810848,1.675573342329392e-11,1.4749207075866149e-10,1.0850543172797642e-10,7.387638284895061e-11,0.5770121063525248,-0.6701185371086531,-1.067922335945674,-49.26958281417822,1.067922335945674,0.5786609394736372,-0.668525174936864,-1.069185593103608,-49.121244270244205
769993725.9101576,-2.574890020436751,1.2708842295885637e-10,2.192349424509252e-10,-2.491920989739756e-12,2.0546610709259213e-12,12.82286608274173,-77.40546329005548,1.789526270080455e-11,1.4721441584676287e-10,1.0919316025805183e-10,7.202052660416228e-11,0.5709491940913823,-0.6723246081008737,-1.0901852690038798,-49.66153302937363,1.0901852690038798,0.5725998024758758,-0.6707459019943688,-1.0914847801024568,-49.51340354977112
771243715.7249467,-2.583256838729967,1.288820689999667e-10,2.1707438845167332e-10,-2.4788823110692475e-12,2.0980676304748407e-12,12.890542339407608,-76.65920966942925,1.903145537375355e-11,1.4692787433058576e-10,1.0985061362621317e-10,7.014651412108755e-11,0.5647880278647663,-0.6744933589340351,-1.1130010976935616,-50.05882713284436,1.1130010976935616,0.5664401714825099,-0.672929516954211,-1.1143380076353697,-49.910916835767
772493705.5397359,-2.5916372285045766,1.3064136057467273e-10,2.1488714694247303e-10,-2.4650905187906397e-12,2.1417216112372317e-12,12.95857999199507,-75.91342982994291,2.016424155236847e-11,1.4663248210306377e-10,1.1047711902230425e-10,6.825466483940924e-11,0.558527303090511,-0.6766225201006897,-1.136385767702943,-50.46156519281475,1.136385767702943,0.5601807338864523,-0.6750737486068488,-1.1377612602832994,-50.31388443862496
773743695.3545252,-2.6000311897605712,1.3236554630530691e-10,2.1267359369775127e-10,-2.4505288260600463e-12,2.185614754608393e-12,13.026981398062398,-75.16811432179556,2.129355171384745e-11,1.4632827561069082e-10,1.1107199459145948e-10,6.634531808706048e-11,0.5521657286049809,-0.6787097345356751,-1.1603557525198778,-50.86984949623512,1.1603557525198778,0.5538201903651766,-0.6771762379206797,-1.1617710517931938,-50.72240889395159
774993685.1693144,-2.6084387224979553,1.3405386628345664e-10,2.1043412601044487e-10,-2.435180190932698e-12,2.2297382431313963e-12,13.095749126435889,-74.42325378450198,2.2419316706766688e-11,1.460152918498639e-10,1.1163454957668993e-10,6.441883416058097e-11,0.5457020307210069,-0.6807525544970693,-1.1849280684544672,-51.283784514617686,1.1849280684544672,0.5473572589439634,-0.6792345349083531,-1.1863844401248127,-51.13659492858482
776243674.9841036,-2.6168598267167287,1.357055524253982e-10,2.08169163795667e-10,-2.419027325815076e-12,2.2740826700485896e-12,13.164885856094536,-73.67883905862897,2.3541467755451834e-11,1.456935683631914e-10,1.1216408466994634e-10,6.247559543247563e-11,0.5391349576315291,-0.6827484395265717,-1.210120281345037,-51.70347690569028,1.210120281345037,0.5407906794070413,-0.6812460965726567,-1.2116190341824826,-51.55654946254019
777493664.7988929,-2.6252945024168857,1.3731982898865196e-10,2.058791506003346e-10,-2.402052711331714e-12,2.3186380114257084e-12,13.234394227772674,-72.93486119565608,2.46599364643133e-11,1.4536314323576626e-10,1.1265989252433868e-10,6.051600736456838e-11,0.5324632833654124,-0.6846947552966712,-1.2359505110331275,-52.129035582122455,1.2359505110331275,0.5341192172624537,-0.683208285740254,-1.2374929983275953,-51.9823816781095
778743654.613682,-2.633742749598429,1.3889591313193783e-10,2.0356455446845867e-10,-2.384238611381584e-12,2.3633936022264634e-12,13.304276731712486,-72.1913113632283,2.5774654822144727e-11,1.4502405509140444e-10,1.1312125830979308e-10,5.854049937705424e-11,0.5256858108730046,-0.6865887726479919,-1.2624374412748094,-52.560571841918446,1.2624374412748094,0.5273416668371347,-0.6851183700868423,-1.2640250623432647,-52.41420315063956
779993644.4284712,-2.6422045682613557,1.4043301540116503e-10,2.0122586871145735e-10,-2.365567086168571e-12,2.4083381149851865e-12,13.374535692605551,-71.44818070092202,2.6885555206385052e-11,1.446763430888497e-10,1.1354746019477993e-10,5.654952562260769e-11,0.5188013744371445,-0.6884276660216317,-1.2896003400195013,-52.998199521450466,1.2896003400195013,0.5204568536970704,-0.6869735205579107,-1.2912345417777882,-52.852128001896546
781243634.2432605,-2.6506799584056697,1.4193034009482983e-10,1.9886361270299163e-10,-2.346020001928676e-12,2.4534595378034913e-12,13.445173357329587,-70.70546020735632,2.799257038734321e-11,1.4432004691794418e-10,1.1393776970748663e-10,5.454356578504749e-11,0.5118088421152416,-0.6902085108546753,-1.3174590894677183,-53.44203512050538,1.3174590894677183,0.5134636370980391,-0.6887708087521948,-1.319141368068208,-53.29627302536103
782493624.0580497,-2.659168920031363,1.4338708556181223e-10,1.964783328174299e-10,-2.3255790388057443e-12,2.49874514840764e-12,13.516192034197344,-69.96314071982142,2.9095633532385563e-11,1.4395520679576602e-10,1.1429145202942672e-10,5.252312602166386e-11,0.504707119027045,-0.6919282801235871,-1.3460342201228443,-53.89219786574139,1.3460342201228443,0.5063609132822784,-0.6905072034516856,-1.3477661226481952,-53.74675774987704
783743613.8728389,-2.6676714531384365,1.4480244455477416e-10,1.940706035604692e-10,-2.3042257002511698e-12,2.5441814829369295e-12,13.58759420552511,-69.22121299477078,3.019467821008578e-11,1.4358186346273353e-10,1.1460776634468839e-10,5.048874009773566e-11,0.4974951519487368,-0.6935838407360271,-1.3753469411096337,-54.348809715075205,1.3753469411096337,0.49914762008285896,-0.6921795669986064,-1.3771300673080806,-54.20370444424425
784993603.6876281,-2.6761875577268923,1.461756047622883e-10,1.916410288410614e-10,-2.281941327320953e-12,2.5897543008561707e-12,13.659382552337181,-68.47966784166474,3.128963839433686e-11,1.4320005817867675e-10,1.1488596636795142e-10,4.844097066238458e-11,0.4901719350608565,-0.6951719505912056,-1.4054191614466527,-54.81199534043666,1.4054191614466527,0.4918227426842345,-0.6937846523401896,-1.407255165497443,-54.667238100263006
786243593.5024173,-2.6847172337967242,1.4750574957279937e-10,1.891902432636872e-10,-2.2587071193250556e-12,2.6354485493058452e-12,13.731559880251455,-67.73849623464764,3.238044846842486e-11,1.4280983271887708e-10,1.1512530110437448e-10,4.638041054481014e-11,0.4827365161777005,-0.6966892567846559,-1.43627350238106,-55.28188214036482,1.43627350238106,0.4843853198668342,-0.6953191012182968,-1.4381640946884806,-55.13748644574428
787493583.3172065,-2.6932604813479366,1.487920590247984e-10,1.8671891331995942e-10,-2.2345041595792586e-12,2.6812483302053983e-12,13.804128990358853,-66.99768934098047,3.3467043229064614e-11,1.4241122937007438e-10,1.1532501579573378e-10,4.4307683949885005e-11,0.47518800265754724,-0.6981322948241666,-1.4679333062749191,-55.75860031912558,1.4679333062749191,0.47683444993445373,-0.6967794433715846,-1.4698802553002657,-55.614580024146576
788743573.1319958,-2.7018173003805304,1.5003371082805203e-10,1.842277384281647e-10,-2.20931344310473e-12,2.727136871517332e-12,13.87709256790858,-66.25723845279792,3.454935789039635e-11,1.420042909264429e-10,1.1548435293765567e-10,4.222344750172179e-11,0.46752556652939103,-0.6994974882003702,-1.500422649841016,-56.24228303366931,1.500422649841016,0.46916929585907513,-0.6981620960939873,-1.5024277839874771,-56.09865234209722
789993562.946785,-2.710387690894494,1.5122988134102235e-10,1.8171745186757453e-10,-2.1831159031284223e-12,2.773096501389031e-12,13.95045314965874,-65.51713486237678,3.562732808794384e-11,1.4158906068553606e-10,1.1560255325307853e-10,4.012839118203844e-11,0.45974844897888867,-0.7007811475192619,-1.5337663674523738,-56.73306657369075,1.5337663674523738,0.4613890897849659,-0.6994633633562238,-1.53583157701515,-56.589840049988766
791243552.7615741,-2.7189716528898384,1.5237974645938074e-10,1.7918882172343868e-10,-2.155892435148931e-12,2.8191086219963312e-12,14.02421318566555,-64.77736975099452,3.6700889882533286e-11,1.411655824441999e-10,1.1567885657684743e-10,3.802323927923877e-11,0.45185596486470847,-0.7019794687331273,-1.567990084947196,-57.23109052361572,1.567990084947196,0.4534931375630844,-0.7006794340258194,-1.5701173241314494,-57.08828310443691
792493542.5763634,-2.727569186366552,1.5348248246879447e-10,1.7664265195804116e-10,-2.127623920024914e-12,2.8651536799276977e-12,14.098375158877916,-64.03793415190847,3.776997976417283e-11,1.407339004944567e-10,1.1571250270462167e-10,3.590875146358445e-11,0.4438475080827191,-0.7030885306121127,-1.603120258792769,-57.73649786785694,1.603120258792769,0.44548082413389745,-0.7018063793270534,-1.6053115477904614,-57.594124873958314
793743532.3911526,-2.7361802913246454,1.545372669844193e-10,1.7407978365335346e-10,-2.098291249440467e-12,2.9112111318612074e-12,14.17294169521111,-63.29881900544206,3.883453465589247e-11,1.40294059619358e-10,1.1570273232852682e-10,3.3785724033995444e-11,0.43572255827559403,-0.7041042921334717,-1.6391842127838008,-58.24943503522706,1.6391842127838008,0.4373516202572929,-0.7028401502177773,-1.6414416398934226,-58.10751218382156
794993522.2059418,-2.744804967764108,1.5554328009937657e-10,1.7150109637253156e-10,-2.0678753570977436e-12,2.957259406979461e-12,14.247915604007034,-62.56001527301796,3.989449191754433e-11,1.3984610508880847e-10,1.1564878818183223e-10,3.165499128372308e-11,0.4274806887832767,-0.7050225906230962,-1.6762101661540727,-58.77005191564038,1.6762101661540727,0.42910509048596956,-0.7037765755184219,-1.678535889928522,-58.628595333281986
796243512.0207311,-2.7534432156849413,1.564997057952719e-10,1.6890750951809366e-10,-2.0363572570905923e-12,3.003275869469057e-12,14.323299828809866,-61.821514045586824,4.094978934956262e-11,1.3939008265535995e-10,1.1554991644570925e-10,2.951742686273372e-11,0.4191215751910711,-0.7058391411750465,-1.7142272521319402,-59.298501901264444,1.7142272521319402,0.4207409017393065,-0.704611361320102,-1.7166235035483939,-59.157528137413465
797493501.8355203,-2.762095035087147,1.5740573357021974e-10,1.662999835643453e-10,-2.0037180882393246e-12,3.0492367844587358e-12,14.399097338223168,-61.08330658689676,4.200036519668359e-11,1.389260385499767e-10,1.1540536837353612e-10,2.7373945014368597e-11,0.41064500366560497,-0.7065495372782563,-1.7532655316855936,-59.83494199435994,1.7532655316855936,0.41225883166737115,-0.7053400916020279,-1.7557346163424346,-59.69446803577479
798743491.6503094,-2.7707604259707246,1.582605601710391e-10,1.6367952111015417e-10,-1.9699391612818315e-12,3.0951172888726193e-12,14.47531101861138,-60.345384289578334,4.304615815162476e-11,1.3845401947777238e-10,1.1521440201941436e-10,2.5225501632381763e-11,0.40205087856912075,-0.7071492520392052,-1.7933560102717387,-60.37953299066513,1.7933560102717387,0.40365877629447183,-0.7059582294473624,-1.7959003106249003,-60.23957627671431
799993481.4650987,-2.779439388335667,1.5906339131639309e-10,1.6104716779493704e-10,-1.9350020058192512e-12,3.1408913660240386e-12,14.551943627561187,-59.607738570497176,4.408710735872368e-11,1.3797407261371873e-10,1.1497628395766945e-10,2.3073095181218287e-11,0.3933392294357413,-0.7076336392162887,-1.834530664084952,-60.93243970903162,1.834530664084952,0.3949407570249958,-0.7064611180728108,-1.8371526417351733,-60.79301814794916
801243471.2798879,-2.7881319221819783,1.5981344336633272e-10,1.5840401318872932e-10,-1.8988884157962587e-12,3.1865318209122224e-12,14.628997831955841,-58.870360764337,4.512315241753563e-11,1.374862455983261e-10,1.1469029094879707e-10,2.0917767590403226e-11,0.3845102179376392,-0.7079979335757078,-1.8768224773229136,-61.49383121654739,1.8768224773229136,0.3861049276392277,-0.706843981180864,-1.879524675356489,-61.354963202607635
802493461.0946771,-2.796838027509656,1.60509944990515e-10,1.5575119176646923e-10,-1.861580494948298e-12,3.232010253204421e-12,14.706476307441932,-58.13324207359329,4.615423338639017e-11,1.3699058653329722e-10,1.143557116041248e-10,1.8760605233171987e-11,0.37556414565088425,-0.7082372506713176,-1.9202654861138122,-62.063881005764145,1.9202654861138122,0.3771515820894775,-0.7071019227363784,-1.923050531487291,-61.9255854373577
803743450.9094664,-2.8055577043187037,1.6115213895549177e-10,1.530898840074614e-10,-1.8230607055146295e-12,3.277297026780887e-12,14.784381843132882,-57.39637360053285,4.718029078590644e-11,1.3648714397715355e-10,1.1397184816958535e-10,1.6602740030307828e-11,0.3665014631450743,-0.7083465867021423,-1.9648948212838362,-62.642767112916154,1.9648948212838362,0.3680811636216379,-0.7072299268211436,-1.9677654272336698,-62.505063411569246
804993440.7242556,-2.814290952609111,1.6173928415103256e-10,1.5042131756372882e-10,-1.7833119235041884e-12,3.3223612373847823e-12,14.862717394198214,-56.65974644104531,4.8201265602466994e-11,1.3597596694083532e-10,1.1353801854856552e-10,1.4445350622893503e-11,0.3573227803310882,-0.7083208192953857,-2.010746743030211,-63.23067220524554,2.010746743030211,0.3588942751573611,-0.7072228584149957,-2.013705711486993,-63.09358033571148
806243430.5390447,-2.823037772380887,1.6227065790676734e-10,1.4774676837222735e-10,-1.7423175019197949e-12,3.3671706818021187e-12,14.94148605520524,-55.92335178704439,4.921709929164966e-11,1.3545710488327499e-10,1.1305355861511764e-10,1.2289663488952332e-11,0.34802887744524275,-0.7081547097894431,-2.0578586653296322,-63.8277836898209,2.0578586653296322,0.3495916903153118,-0.7070754656791888,-2.0609088893233674,-63.69132418144152
807493420.353834,-2.83179816363402,1.627455585537142e-10,1.4506756158544902e-10,-1.7000613406963308e-12,3.411691832009174e-12,15.020690971225354,-55.18718098098567,5.022773378161778e-11,1.3493060770694548e-10,1.1251782477209643e-10,1.013695387850359e-11,0.3386207158437025,-0.7078429070088728,-2.106269173899485,-64.43429389192808,2.106269173899485,0.34017436424471875,-0.7067823837350714,-2.1094136399530248,-64.29848786148297
808743410.1686232,-2.840572126368518,1.631633081169188e-10,1.4238507226245545e-10,-1.6565279602364033e-12,3.455889815875154e-12,15.100335237231992,-54.45122549391333,5.123311147646803e-11,1.343965257533822e-10,1.1193019664045073e-10,7.988546509073225e-12,0.3290994480436839,-0.707379951967189,-2.1560180453861,-65.05040032054863,2.1560180453861,0.3306434437066429,-0.7063381393743448,-2.159259835902651,-64.9152694967743
809993399.9834124,-2.8493596605843785,1.6352325502511744e-10,1.3970072585779365e-10,-1.6117025754183502e-12,3.4997284033938812e-12,15.180421841218449,-53.715476841072075,5.2233175259536216e-11,1.33854909798681e-10,1.112900797655812e-10,5.84581605911264e-12,0.31946642702468325,-0.7067602827236398,-2.207146275004341,-65.67630599867297,2.207146275004341,0.32100027641518103,-0.7057371559267206,-2.210488570655698,-65.54187274856986
811243389.7982017,-2.858160766281594,1.6382477679071138e-10,1.37015998612791e-10,-1.5655711687973137e-12,3.5431699955815818e-12,15.26095368095549,-52.979926482797616,5.322786849666044e-11,1.3330581104897077e-10,1.1059690829405094e-10,3.710187563820236e-12,0.3097232153602758,-0.7059782388775164,-2.259696115316588,-66.31221980952066,2.259696115316588,0.31124642020877424,-0.7049737577676956,-2.2631421974309527,-66.17850716651336
812493379.6129909,-2.8669754434601735,1.6406728270845156e-10,1.3433241795289426e-10,-1.518120564326019e-12,3.5861756132005536e-12,15.341933643240171,-52.24456576502346,5.421713503940157e-11,1.3274928113586204e-10,1.0985014766905e-10,1.583136817032217e-12,0.29987159496683874,-0.705028065760037,-2.313711122726789,-66.9583568112646,2.313711122726789,0.30138365283833674,-0.7040421745257796,-2.3172643756619524,-66.82538850527888
813743369.4277802,-2.8758036921201087,1.6425021668798772e-10,1.316515629263408e-10,-1.4693385047507063e-12,3.628704884341932e-12,15.423364700733945,-51.50938593053583,5.520091922822094e-11,1.3218537211187215e-10,1.0904929745976679e-10,-5.338091855313721e-13,0.2899135780041684,-0.7039039189483607,-2.3692362039801615,-67.61493850200401,2.3692362039801615,0.29141398290801007,-0.7029365456136676,-2.37290011745582,-67.48273899158075
814993359.2425693,-2.8846455122614003,1.6437306033443114e-10,1.289750646233486e-10,-1.419213735810218e-12,3.670716032533632e-12,15.50524997322274,-50.77437819262643,5.617916589561515e-11,1.316141364458263e-10,1.08193894438816e-10,-2.6390718224776818e-12,0.2798514188869633,-0.7025998699547326,-2.426317654903963,-68.28219305749181,2.426317654903963,0.28133966192817933,-0.7016509259370483,-2.430095826261873,-68.15078756415322
816243349.0573585,-2.8935009038840525,1.644353363226268e-10,1.2630460644713106e-10,-1.3677360984908895e-12,3.7121658688993555e-12,15.587592721077785,-50.03953382904586,5.71518203692073e-11,1.310356270182363e-10,1.0728351595341951e-10,-4.731020571105248e-12,0.26968762679429076,-0.7011099137052914,-2.4850031878512797,-68.96035559390455,2.4850031878512797,0.2711631968679167,-0.7001792933967421,-2.4888993242154833,-68.82977013907927
817493338.8721478,-2.9023698669880567,1.6443661201462723e-10,1.2364192410764794e-10,-1.31489662795419e-12,3.753009791905344e-12,15.670396276557598,-49.304844244340764,5.8118828474795465e-11,1.304498971166564e-10,1.0631778353983178e-10,-6.807973009008451e-12,0.2594249778223721,-0.6994279778549995,-2.5453419504776384,-69.64966851015744,2.5453419504776384,0.260887362351414,-0.6985155582316765,-2.5493598707962035,-69.51992995502034
818743328.686937,-2.911252401573412,1.6437650320165e-10,1.2098880527581545e-10,-1.2606876558854153e-12,3.7932017964012836e-12,15.753663952255364,-48.57030096738225,5.908013653935709e-11,1.2985700043101683e-10,1.052963666622929e-10,-8.868195155201376e-12,0.24906652615011757,-0.6975479334137219,-2.6073845431482976,-70.35038193761868,2.6073845431482976,0.2505152118665837,-0.6966535736781294,-2.61152818010678,-70.22151802619254
819993318.5017262,-2.920148507640126,1.6425467785074325e-10,1.1834708893033521e-10,-1.2051029129826977e-12,3.832694491074472e-12,15.837398977280587,-47.83589558711082,6.003569139401011e-11,1.292569910489358e-10,1.0421898645673313e-10,-1.0909902118600619e-11,0.2386156141448496,-0.6954636059113248,-2.6711830428133014,-71.06275428438403,2.6711830428133014,0.2400500879120804,-0.6945871471727584,-2.6754564446120583,-70.93479369020235
821243308.3165154,-2.9290581851881874,1.6407085980216405e-10,1.1571866449580626e-10,-1.1481376301078577e-12,3.871439121614439e-12,15.921604495219402,-47.10161966302009,6.098544037693016e-11,1.286499234510101e-10,1.0308541942523387e-10,-1.2931258955203795e-11,0.2280758819037767,-0.6931687865475771,-2.7367910372513684,-71.78705282930817,2.7367910372513684,0.22949563157770278,-0.6923100515443439,-2.7411983692313733,-71.66002520589078
822493298.1313046,-2.937981434217603,1.6382483245664716e-10,1.1310547087032907e-10,-1.0897886391732757e-12,3.9093855968977626e-12,16.00628362337008,-46.36746465956799,6.192933133622367e-11,1.2803585250608452e-10,1.0189550112042347e-10,-1.4930381635755442e-11,0.21745127697569205,-0.6906572433288447,-2.804263667317074,-72.52355431584604,2.804263667317074,0.21885579230276525,-0.6898160361954605,-2.8088092134042557,-72.397490351234
823743287.9460938,-2.946918254728368,1.6351644255689456e-10,1.105094953737089e-10,-1.0300544766239379e-12,3.946482517341182e-12,16.091439539495262,-45.633421939293434,6.286731263275717e-11,1.274148334665011e-10,1.0064912992413743e-10,-1.6905338092792152e-11,0.20674606479133226,-0.6879227327668495,-2.8736576696859744,-73.27254552073501,2.8736576696859744,0.20813483834144142,-0.6870988388491374,-2.8783458336079324,-73.14747699638879
824993277.7608831,-2.955868646720482,1.6314560416582986e-10,1.0793277255297017e-10,-9.689354923249307e-13,3.9826772071575055e-12,16.177075548373594,-44.899482816559306,6.379933314294202e-11,1.2678692196332773e-10,9.934627102288785e-11,-1.885414941035756e-11,0.19596483977125614,-0.6849590129740449,-2.9450314114344156,-74.03432381421884,2.9450314114344156,0.19733736790437592,-0.6841521986955565,-2.9498667176524833,-73.91028366869213
826243267.5756723,-2.9648326101939473,1.627123028757431e-10,1.05377382715451e-10,-9.064339647901941e-13,4.017915754069005e-12,16.26319509275575,-44.16563864090876,6.472534226147492e-11,1.2615217400156771e-10,9.798696061426814e-11,-2.0774791286116746e-11,0.18511253649558668,-0.6817598587847777,-3.0184449112729785,-74.80919776406398,3.0184449112729785,0.186468320360762,-0.6809698715688893,-3.023432005569955,-74.68622016198613
827493257.3904614,-2.9738101451487537,1.6221660018660873e-10,1.028454500600866e-10,-8.425542210625338e-13,4.052143060023975e-12,16.34980170447636,-43.43188086385316,6.564528990403407e-11,1.2551064595534948e-10,9.65713102825747e-11,-2.266519589526283e-11,0.17419444004308357,-0.6783190789772757,-3.0939598484545905,-75.59748784547115,3.0939598484545905,0.17553298660743025,-0.6775456472301197,-3.09910349812272,-75.47560825246208
828743247.2052507,-2.982801251584908,1.616586379236796e-10,1.00339140344328e-10,-7.773027576869913e-13,4.0853029046309675e-12,16.436898924015242,-42.69820105319609,6.655912650993021e-11,1.2486239456309728e-10,9.509951141374938e-11,-2.4523254218769252e-11,0.1632161947933791,-0.6746305350844453,-3.1716395658453505,-76.39952729770526,3.1716395658453505,0.16453701789739378,-0.6738733682440287,-3.176944659424679,-76.27878256188083
829993237.0200399,-2.9918059295024113,1.6103864256263197e-10,9.786065811841494e-11,-7.106883591695666e-13,4.117338020442577e-12,16.524490233089622,-41.96459084841603,6.746680304471349e-11,1.2420747692268422e-10,9.357183951791848e-11,-2.634681880426927e-11,0.15218381152523894,-0.6706881609953816,-3.2515490752968956,-77.21566312770022,3.2515490752968956,0.15348643295937583,-0.6699469496516666,-3.257020621813853,-77.09609156841145
831243226.8348291,-3.000824178901258,1.603569293947934e-10,9.541224362553704e-11,-6.427222120736663e-13,4.148190177390261e-12,16.612579036560657,-41.231041882709086,6.836827100273495e-11,1.2354595048656633e-10,9.198865839205846e-11,-2.8133706861029303e-11,0.1411036732225014,-0.6664859827247391,-3.3337550702966094,-78.04625722373962,3.3337550702966094,0.1423876238191954,-0.6657603988143708,-3.339398197942346,-77.9278987281603
832493216.6496184,-3.0098559997814442,1.596139065563663e-10,9.299616946722647e-11,-5.734180154102062e-13,4.177800273649532e-12,16.701168702259956,-40.497545714613636,6.926348240966331e-11,1.2287787305689956e-10,9.035042414670304e-11,-2.988170358967308e-11,0.12998254028262643,-0.6620181382583458,-3.4183259445562926,-78.89168752962973,3.4183259445562926,0.13124736101785722,-0.661307835336633,-3.42414589872421,-78.77458365780976
833743206.4644076,-3.0189013921429755,1.588100790093553e-10,9.061473706843021e-11,-5.027920897250148e-13,4.206108431992974e-12,16.7902626357969,-39.7640938057773,7.015238982495643e-11,1.2220330278063915e-10,8.865768918439891e-11,-3.1588565712208934e-11,0.11882755564558285,-0.657278897960594,-3.5053318091490904,-79.75234924929124,3.5053318091490904,0.1200727987444607,-0.6565835115527595,-3.5113339497258194,-79.63654334835742
834993196.2791967,-3.0279603559858472,1.5794605255967816e-10,8.827027288497363e-11,-4.308634872261054e-13,4.233054103201878e-12,16.879864349138995,-39.030677555498364,7.103494634428767e-11,1.215222981446227e-10,8.691110621539052e-11,-3.325202525964907e-11,0.10764624982309402,-0.652262686315488,-3.594844498317566,-80.6286560933892,3.594844498317566,0.10887147986426952,-0.6515818343492501,-3.6010342960982236,-80.51419342170225
836243186.093986,-3.037032891310063,1.5702253793000472e-10,8.59651242321354e-11,-3.5765410343206964e-13,4.258576179860598e-12,16.969977486238143,-38.29728837173141,7.19111056019269e-11,1.2083491797063614e-10,8.511143232807785e-11,-3.48697937385008e-11,0.09644654521736093,-0.6469641055990831,-3.6869375565015883,-81.52104162112258,3.6869375565015883,0.09765134023086425,-0.6462973889210669,-3.693320588582996,-81.40796948335664
837493175.9087752,-3.046118998115614,1.560403548099762e-10,8.370165461515594e-11,-2.831887882230276e-13,4.282613123800255e-12,17.06060579314523,-37.563917739115155,7.278082177307604e-11,1.201412214104647e-10,8.325953303690017e-11,-3.6439566795308756e-11,0.0852367588122583,-0.6413779615408396,-3.7816862051052205,-82.42996074911828,3.7816862051052205,0.08642071136451492,-0.6407249645196269,-3.7882681491002677,-82.31832864337159
838743165.7235644,-3.055218676402502,1.5500043573905388e-10,8.148223851042026e-11,-2.074954523288333e-13,4.3051031085977796e-12,17.151753050331134,-36.83055724723614,7.364404957615902e-11,1.1944126794092724e-10,8.135638616289488e-11,-3.795902943050695e-11,0.07402560247322157,-0.6354992904294402,-3.879167293676379,-83.35589148536475,3.879167293676379,0.07518832073170192,-0.6348595816477877,-3.8859539205839932,-83.24575126350275
839993155.5383537,-3.064331926170733,1.539038296755839e-10,7.930925564118911e-11,-1.3060516524354498e-13,4.325984175929961e-12,17.24342300484158,-36.09719856474663,7.450074427506617e-11,1.187351173588961e-10,7.940308540051772e-11,-3.942586171770701e-11,0.0628221806156581,-0.6293233867938737,-3.97945924299332,-84.29933690720041,3.97945924299332,0.0639632893844326,-0.6286965198316179,-3.986456408544073,-84.19074294966401
841243145.3531429,-3.0734587474202986,1.5275170516949746e-10,7.718508485985352e-11,-5.2552242303851646e-14,4.345194402716643e-12,17.335619339026348,-35.363833374501816,7.535086168135295e-11,1.180228297763024e-10,7.740084348814452e-11,-4.083774491644887e-11,0.051635985594742605,-0.6228458309222363,-4.082641985298513,-85.26082736036075,4.082641985298513,0.052755127311564044,-0.62223134522986,-4.08985561956973,-85.15383676667206
842493135.167932,-3.0825991401511983,1.5154535314693562e-10,7.511209775164755e-11,2.6625678841406048e-14,4.362672075906049e-12,17.428345691946316,-34.63045330548434,7.619435815639265e-11,1.1730446561512654e-10,7.535099499054296e-11,-4.219236786347898e-11,0.040476891491931656,-0.6160625159851577,-4.18879690061165,-86.24092283483803,4.18879690061165,0.04157372717755755,-0.615459937846447,-4.1962329956651505,-86.13559563104351
843743124.9827213,-3.091753104363434,1.5028618937894963e-10,7.309265201284798e-11,1.0688757039408784e-13,4.3783558734514036e-12,17.52160572080442,-33.89704989810645,7.703119061348344e-11,1.1658008560237496e-10,7.325499876546616e-11,-4.348743358952696e-11,0.02935514684202651,-0.6089696751101454,-4.298006740932239,-87.24021548554946,4.298006740932239,0.030429356993071977,-0.6083785186912362,-4.305671336175721,-87.13661484989805
844993114.7975105,-3.100920640057004,1.4897575670532992e-10,7.11290845680934e-11,1.8818895325565458e-13,4.392185052449897e-12,17.615403168535583,-33.16361462061336,7.786131651990938e-11,1.1584975076504376e-10,7.111444018542054e-11,-4.4720666196950365e-11,0.0182813663374222,-0.6015639090665571,-4.410355529912245,-88.25933230600968,4.410355529912245,0.019332651754674128,-0.6009836775481407,-4.418254694827189,-88.1575248142805
846243104.6122997,-3.110101747231907,1.476157270188787e-10,6.922370433047e-11,2.704818424169973e-13,4.4040996470858286e-12,17.70974190121503,-32.43013892640134,7.868469389895531e-11,1.1511352242506903e-10,6.893103311992338e-11,-4.588981809459904e-11,0.007266520958261936,-0.5938422150804165,-4.5259284263664545,-89.29893801035514,4.5259284263664545,0.008294603502623,-0.5932724018697279,-4.534068240187128,-89.19899390240607
847493094.427089,-3.11929642588814,1.462079029233803e-10,6.737878451230719e-11,3.5371470126648657e-13,4.414040678902138e-12,17.804625896045888,-31.696614320327782,7.950128133187567e-11,1.1437146219426468e-10,6.670662159150462e-11,-4.6992677681957545e-11,-0.003678074349412438,-0.585802016776844,-4.644811545143216,-90.35973820803491,4.644811545143216,-0.002673451081469078,-0.5852421067958317,-4.6531980730143365,-90.26173167728949
848743084.2418782,-3.1285046760257034,1.447542189139495e-10,6.55965544638876e-11,4.3783240896285947e-13,4.421950380027024e-12,17.900059187689312,-30.96303239802274,8.031103795981711e-11,1.1362363196924793e-10,6.444318095413239e-11,-4.802707750536032e-11,-0.014540776198145101,-0.5774411946372594,-4.767091735288051,-91.44248295073771,4.767091735288051,-0.013559846288349695,-0.5768906656826402,-4.775731000369156,-91.3464924584146
849993074.0566673,-3.1377264976445978,1.43256741929165e-10,6.387919111331804e-11,5.227762449998924e-13,4.427772427351078e-12,17.996045802882236,-30.22938483754989,8.1113923485695e-11,1.1287009392635321e-10,6.214281844347002e-11,-4.8990902813035146e-11,-0.02530963172287999,-0.5687581160017289,-4.892856319186933,-92.54797069539192,4.892856319186933,-0.024352606443377188,-0.5682164401712684,-4.901754270102124,-92.45407931127622
851243063.8714566,-3.1469618907448216,1.4171767119018783e-10,6.222881014996176e-11,6.08483893287512e-13,4.4314521837557045e-12,18.092589718883172,-29.495663348805717,8.190989817602346e-11,1.1211091051653477e-10,5.98077730141644e-11,-4.9882100366573e-11,-0.03597240060849882,-0.5597516637410441,-5.022192794891874,-93.67705268006235,5.022192794891874,-0.03503946804162459,-0.5592183089186351,-5.031355267834884,-93.5853484515235
852493053.6862458,-3.1562108553263717,1.401393373349124e-10,6.064745709839952e-11,6.948894655305004e-13,4.432936942368455e-12,18.18969486770851,-28.7618596085886,8.269892286269903e-11,1.1134614446025828e-10,5.744041447221339e-11,-5.06986873618588e-11,-0.04651657943829651,-0.5504212632067594,-5.155188497277527,-94.83063767736621,5.155188497277527,-0.04560790421222266,-0.5498956945971087,-5.1646211719685855,-94.74121402816834
853743043.501035,-3.1654733913892503,1.3852420092167436e-10,5.913709837006516e-11,7.819235418649702e-13,4.4321761714596924e-12,18.287365183093442,-28.02796521633291,8.34809589447381e-11,1.105758587423819e-10,5.504324197693626e-11,-5.143876037231674e-11,-0.056929427699921216,-0.5407669076557855,-5.291930204912159,-96.00969709086192,5.291930204912159,-0.05604515084709981,-0.5402485893582138,-5.301638553463148,-95.9226532511189
854993033.3158243,-3.174749498933455,1.3687485037960767e-10,5.7699612293374947e-11,8.695132266426096e-13,4.4291217599600484e-12,18.385604664290813,-27.293971693673914,8.425596838996773e-11,1.0980011660702731e-10,5.261888198963993e-11,-5.210050431365238e-11,-0.06719799525480637,-0.5307891826953495,-5.432503672560881,-97.21527039388883,5.432503672560881,-0.06633823419865024,-0.5302775793055254,-5.442492900142378,-97.13071186230003
856243023.1306134,-3.1840391779589834,1.3519399942169356e-10,5.633678006356241e-11,9.575822189255397e-13,4.423728265210962e-12,18.484417422354785,-26.55987052704876,8.502391373666999e-11,1.0901898155244127e-10,5.017008568502356e-11,-5.2682201488878874e-11,-0.07730915165539796,-0.5204892901988094,-5.576993067047336,-98.44847095916249,5.576993067047336,-0.07647400032940121,-0.5199838684270394,-5.587268043069514,-98.36650999839296
857493012.9454026,-3.193342428465837,1.3348448384970515e-10,5.505027655792685e-11,1.0460508996339937e-12,4.415953164437322e-12,18.58380768464467,-25.825653229519478,8.57847580951798e-11,1.0823251732584775e-10,4.769972575452535e-11,-5.318224076792095e-11,-0.08724961803693759,-0.5098690716541424,-5.725480287057887,-99.71049236369579,5.725480287057887,-0.08643914713966204,-0.5093693019486983,-5.736045465380358,-99.63124852937122
858743002.7601919,-3.202659250454011,1.317492576207688e-10,5.384166103045413e-11,1.1348364389188387e-12,4.405757109561147e-12,18.683779756129844,-25.09131138820086,8.653846514943617e-11,1.0744078791829139e-10,4.5210792471332654e-11,-5.359912688783727e-11,-0.09700600220750458,-0.4989310303031273,-5.878044152741838,-101.00261525558484,5.878044152741838,-0.09622025959634493,-0.4984363884666842,-5.88890347921232,-100.92621595876015
859992992.5749811,-3.2119896439235114,1.2999138805048057e-10,5.2712367793988686e-11,1.2238529271883224e-12,4.39310418239365e-12,18.784337959211758,-24.35683667203695,8.72849991584868e-11,1.0664385755947237e-10,4.2706388891993783e-11,-5.3931489765483674e-11,-0.10656483705703697,-0.4876783510558792,-6.034759454453431,-102.32621483244401,6.034759454453431,-0.10580384828306305,-0.487188319842268,-6.045916259835601,-102.25279593448037
861242982.3897703,-3.2213336088743323,1.2821405009714336e-10,5.166369706523817e-11,1.3130115313109807e-12,4.377962145404415e-12,18.885486584851456,-23.62222079635213,8.802432495794618e-11,1.0584179071257387e-10,4.0189725139197135e-11,-5.4178093647335726e-11,-0.11591262177791954,-0.47611491723672844,-6.19569584819129,-103.68276892112657,6.19569584819129,-0.11517639076300791,-0.4756289879140995,-6.207152724268145,-103.61247535859373
862492972.2045596,-3.230691145306471,1.26420519768102e-10,5.069680615055837e-11,1.402220674875467e-12,4.360302683192975e-12,18.98722988114362,-22.88745546377301,8.875640796140686e-11,1.0503465206908134e-10,3.766411180669512e-11,-5.4337845918522975e-11,-0.12503586498236793,-0.46424532369381166,-6.360916577293203,-105.07386659151517,6.360916577293203,-0.124324374838112,-0.4637629975593107,-6.372675233616815,-105.00685302695753
863742962.0193487,-3.2400622532199295,1.2461416675945792e-10,4.981270108886351e-11,1.4913862394620908e-12,4.340101631475612e-12,19.0895720850033,-22.15253231339097,8.948121416180393e-11,1.0422250654359504e-10,3.513295259765397e-11,-5.4409805454731523e-11,-0.13392112883389665,-0.4520748864154614,-6.5304769879310465,-106.50121720690193,6.5304769879310465,-0.13323434281960386,-0.4515956762460508,-6.542538086330154,-106.43764869900555
864992951.834138,-3.249446932614707,1.227984464474435e-10,4.901222877954154e-11,1.5804117836891716e-12,4.317339192823385e-12,19.192517479507135,-21.41744290508255,9.019871013273332e-11,1.0340541926863589e-10,3.2599736314710194e-11,-5.439319048909436e-11,-0.14255507374757806,-0.4396096491956914,-6.704422794090882,-107.96665981634183,6.704422794090882,-0.14189293636239375,-0.43913308061999035,-6.716785757649819,-107.90671250012277
866242941.6489272,-3.2588451834908057,1.2097689129360828e-10,4.8296069560548716e-11,1.6691987783351568e-12,4.2920001401050635e-12,19.296070446025418,-20.682178746681164,9.090886302972264e-11,1.0258345558944505e-10,3.006802826388561e-11,-5.4287386028896344e-11,-0.15092450378987468,-0.4268563878564999,-6.882788039942476,-109.47217281549013,6.882788039942476,-0.15028694199209724,-0.42638200063331716,-6.895450832741986,-109.41603457944821
867492931.4637164,-3.2682570058482163,1.1915310164400206e-10,4.7664730201872e-11,1.7576468580831171e-12,4.264074008587871e-12,19.40023548355987,-19.946731348693874,9.161164059145611e-11,1.0175668105877751e-10,2.7541461052545966e-11,-5.409195085690554e-11,-0.1590164132777522,-0.4138226120952823,-7.065592705370084,-111.01988381218486,7.065592705370084,-0.15840333782292976,-0.41334996128557955,-7.078551578850285,-110.96775495471664
868742921.2785057,-3.277682399686943,1.1733073584717612e-10,4.711853734199003e-11,1.845654091951016e-12,4.233555275937747e-12,19.50501718563417,-19.211092276791025,9.230701114095198e-11,1.0092516143169048e-10,2.5023724706224136e-11,-5.380662408970043e-11,-0.16681803501263692,-0.40051656444469924,-7.252839902309085,-112.61207960153448,7.252839902309085,-0.16622934190093616,-0.4000452214646786,-7.26608910370118,-112.56417344299358
869992911.0932949,-3.287121365006986,1.1551349962388496e-10,4.665763148252287e-11,1.9331172742502595e-12,4.200443526961713e-12,19.610420187880496,-18.475253173923818,9.299494358669378e-11,1.000889626603266e-10,2.2518556037191184e-11,-5.3431331177803716e-11,-0.1743168901114317,-0.3869472154561872,-7.44451261145612,-114.25121606710603,7.44451261145612,-0.17375246213380172,-0.3864767689998929,-7.458044049360021,-114.20775948641567
871242900.908084,-3.296573901808342,1.1370513469250541e-10,4.62819617165217e-11,2.0199322359660985e-12,4.164743598283407e-12,19.716449114920774,-17.7392057405269,9.367540742371465e-11,9.924815088869266e-11,2.0029727268790755e-11,-5.296618917217097e-11,-0.18150083877431555,-0.3731242542770613,-7.640569906846273,-115.939927685989,7.640569906846273,-0.18096054714575954,-0.37265431109741776,-7.654372768744999,-115.90116154129575
872492890.7228733,-3.3060400100910066,1.119094067511201e-10,4.5991281361978815e-11,2.105994173797667e-12,4.1264656982486274e-12,19.823108555139072,-17.00294168377966,9.434837273463493e-11,9.84027924474344e-11,1.756103401648518e-11,-5.241151108545556e-11,-0.18835813090428202,-0.3590580742666997,-7.840942607972362,-117.68103614874603,7.840942607972362,-0.1878418369710212,-0.3585882598045837,-7.855002924326397,-117.64721552992063
873742880.5376625,-3.315519689854991,1.1013009298758164e-10,4.57851446043609e-11,2.1911979921673967e-12,4.085625499214084e-12,19.93040307670604,-16.266452663270414,9.501381019065297e-11,9.755295384860696e-11,1.511628279692867e-11,-5.1767809244246067e-11,-0.19487745550101654,-0.34475975393358055,-8.045528287426599,-119.47755743599815,8.045528287426599,-0.19438501250655163,-0.3442897127856479,-8.059828437066827,-119.44895168251166
874992870.3524517,-3.325012941100284,1.083709692958293e-10,4.566290415736013e-11,2.275438653318702e-12,4.042244201964291e-12,20.038337276054985,-15.52973026200443,9.567169105248959e-11,9.669870178044282e-11,1.2699278243339707e-11,-5.1035797623082685e-11,-0.20104798817967295,-0.33024103392511667,-8.254185551506993,-121.33270653389299,8.254185551506993,-0.2005792430730753,-0.32977043014285223,-8.2687037034651,-121.3095989344565
876242860.167241,-3.334519763826889,1.0663579732037401e-10,4.562370988173014e-11,2.358611532164506e-12,3.996348573900429e-12,20.14691583279772,-14.792765997859762,9.632198717128535e-11,9.584010310211615e-11,1.0313810149088636e-11,-5.021639322038603e-11,-0.20685943676193655,-0.31551429082783955,-8.466727508079803,-123.24989881094974,8.466727508079803,-0.20641423203044706,-0.31504280804254153,-8.481436995931652,-123.23258588110335
877492849.9820302,-3.3440401580347974,1.0492831136800916e-10,4.5666508294706516e-11,2.4406127748189194e-12,3.9479709628466036e-12,20.256143541901974,-14.0555513688649,9.696467098945158e-11,9.497722483850517e-11,7.963640378557563e-12,-4.931071654379869e-11,-0.21230208530634842,-0.3005925081429391,-8.68291434525274,-125.23274688941943,8.68291434525274,-0.21188026081374228,-0.30011984951382986,-8.697782971728707,-125.2215370999547
878742839.7968193,-3.3535741237240173,1.0325220516825781e-10,4.5790042956954474e-11,2.5213396613206166e-12,3.897149286827035e-12,20.366025306359408,-13.318077907693466,9.75997155414746e-11,9.4110134174952e-11,5.652489626783217e-12,-4.832009121799752e-11,-0.217366836945599,-0.2854892442388495,-8.90244496839775,-127.28505159089487,8.90244496839775,-0.216968231757739,-0.28501513222386227,-8.917434240722171,-127.28026339383536
879992829.6116086,-3.3631216608945436,1.0161111846823371e-10,4.5992855803508966e-11,2.600690972941832e-12,3.843926997988849e-12,20.476566094798496,-12.580337216067171,9.822709445467331e-11,9.32388984520214e-11,3.384024013560384e-12,-4.724604264851241e-11,-0.22204525548199391,-0.2702185966940287,-9.124947681613564,-129.4107851978023,9.124947681613564,-0.2216697096613064,-0.26974277264486063,-9.140011982122601,-129.41274416839886
881242819.4263978,-3.3726827695463815,1.0000862351315898e-10,4.6273289538097465e-11,2.678567362680247e-12,3.788353017394867e-12,20.587770887166922,-11.842320960707598,9.884678194991037e-11,9.236358516025775e-11,1.1618415632485935e-12,-4.6090295622160326e-11,-0.22632960510245143,-0.25479516247433476,-9.349969952172742,-131.61406485748262,9.349969952172742,-0.2259769614534565,-0.2543173860590965,-9.365055654632688,-131.6230997418422
882492809.241187,-3.3822574496795177,9.844821155394051e-11,4.662949120028809e-11,2.754871725060404e-12,3.730481637683263e-12,20.699644637816483,-11.10402083312405,9.945875284225674e-11,9.148426193494183e-11,-1.0105412883162293e-12,-4.485477073465372e-11,-0.23021288715711308,-0.2392339938437668,-9.576967364321876,-133.89911350441787,9.576967364321876,-0.22988299290541744,-0.23875404230217676,-9.592011914475208,-133.9155509357061
883742799.0559763,-3.3918457012939602,9.693327958625994e-11,4.705941694243118e-11,2.829509559643367e-12,3.6703723925763905e-12,20.812192275858283,-10.365428494812123,1.0006298254160959e-10,9.060099655084649e-11,-3.129702955349633e-12,-4.35415796084153e-11,-0.233688872950039,-0.22355055054446096,-9.805291957424071,-136.2702052552906,9.805291957424071,-0.23338158133742326,-0.2230682177822853,-9.820222947073322,-136.29436288129648
884992788.8707654,-3.4014475243897078,9.546711752522838e-11,4.756083795513172e-11,2.9023893226538913e-12,3.6080898949122307e-12,20.925418742659623,-9.626535537113156,1.0065944705326397e-10,8.971385691699279e-11,-5.192329528035619e-12,-4.2153018961861095e-11,-0.23675213192571543,-0.20776064925548715,-10.034180262047744,-138.73159192137132,10.034180262047744,-0.23646730370429994,-0.20727574478696179,-10.048914539813513,-138.76376967907737
886242778.6855546,-3.41106291896676,9.40528959559829e-11,4.8131347407647765e-11,2.973422762878296e-12,3.543703646854001e-12,21.03932904652619,-8.887333477029024,1.0124812297843823e-10,8.882291107140674e-11,-7.195227022455333e-12,-4.069156366375898e-11,-0.23939805526531435,-0.1918804113968367,-10.262741506569288,-141.28740716898702,10.262741506569288,-0.23913556007453668,-0.19139275914605752,-10.277184385483311,-141.3278764566588
887492768.5003439,-3.4206918850251125,9.269365451016804e-11,4.8768368259516445e-11,3.0425252404633233e-12,3.477287826209957e-12,21.153928305508263,-8.147813791010845,1.0182898751475255e-10,8.79282271758763e-11,-9.135333004584498e-12,-3.9159858916359865e-11,-0.24162287538622093,-0.1759262099695966,-10.489946673257462,-143.94154503432222,10.489946673257462,-0.24138259299767195,-0.17543564694412836,-10.50399131531294,-143.99053558020753
888742758.3151331,-3.4303344225647665,9.139229085241472e-11,4.9469161851822716e-11,3.1096160290493665e-12,3.4089210513679222e-12,21.269221755693422,-7.407967968448971,1.0240201845666166e-10,8.702987351071012e-11,-1.100972760424695e-11,-3.756071165888743e-11,-0.24342368191052474,-0.1599146155467,-10.714619335428427,-146.69751007513045,10.714619335428427,-0.24320550332756605,-0.15942099039861896,-10.72814641515201,-146.75519439817384
889992748.1299223,-3.43999053158572,9.015155025585536e-11,5.023083726459467e-11,3.1746186018098886e-12,3.338686125210424e-12,21.385214720835187,-6.6677875560974575,1.0296719419584123e-10,8.612791846949788e-11,-1.2815643939985862e-11,-3.589708120490322e-11,-0.24479843431213358,-0.1438623410950955,-10.93542949216334,-149.5582375629518,10.93542949216334,-0.24460226271343644,-0.14336551258614133,-10.948307263202942,-149.62471308007812
891242737.9447116,-3.449660212087971,8.897401580125502e-11,5.105036147978467e-11,3.237460900446861e-12,3.2666697569251865e-12,21.501912559842165,-5.927264169538817,1.0352449372152785e-10,8.522243055387246e-11,-1.4550477920272845e-11,-3.417206907408779e-11,-0.24574597089460126,-0.12778618527914337,-11.150891904479865,-152.52588396202594,11.150891904479865,-0.24557172241305542,-0.12728602066755265,-11.162976811738936,-152.60115303200607
892492727.7595007,-3.459343464071524,8.786209931428672e-11,5.192457038131184e-11,3.298075584001166e-12,3.1929622608447872e-12,21.619320620495134,-5.186389465423053,1.0407389662081319e-10,8.431347836827472e-11,-1.621179730652647e-11,-3.2388907986962865e-11,-0.24626601333615944,-0.11170297429200354,-11.359370679446236,-155.60159068782843,11.359370679446236,-0.2461136176667531,-0.11119934765906422,-11.370508669428963,-155.68553920083252
893742717.5742899,-3.469040287536374,8.681803320888835e-11,5.285018055502628e-11,3.356400252873369e-12,3.11765723332953e-12,21.7374442244549,-4.445155089197182,1.0461538307889199e-10,8.340113061472152e-11,-1.7797349870003653e-11,-3.055095005969526e-11,-0.24635916602734984,-0.09562950286355104,-11.559091981664738,-158.78522791246314,11.559091981664738,-0.24622856685954267,-0.09512229339817765,-11.569120658846664,-158.87760343175083
894992707.3890792,-3.478750682482522,8.584386339572287e-11,5.382380175850749e-11,3.4123776436941137e-12,3.040851211254362e-12,21.8562886919213,-3.703552626187374,1.0514893387926412e-10,8.248545608757634e-11,-1.930507048354125e-11,-2.8661654329068878e-11,-0.246026909850521,-0.07958247555643397,-11.748166695032356,-162.0751299502651,11.748166695032356,-0.24591806512242578,-0.07907156581630331,-11.756918444694932,-162.1755208620554
896242697.2038684,-3.4884746489099614,8.494144334386662e-11,5.4841949864337994e-11,3.4659557926254905e-12,2.962643317476907e-12,21.975859393094666,-2.961573582174989,1.056745304038907e-10,8.156652366832432e-11,-2.0733087060024068e-11,-2.6724573803986325e-11,-0.24527159068992804,-0.06357844951976611,-11.92462452469631,-165.46783920312592,11.92462452469631,-0.2451844726634484,-0.06306372368783074,-11.931930665684698,-165.57565677848277
897492687.0186576,-3.498212186818699,8.41124292872065e-11,5.5901060076763027e-11,3.517088167322206e-12,2.883134898766201e-12,22.096161799187396,-2.219209403897686,1.0619215463330438e-10,8.06444023203508e-11,-2.207972534609789e-11,-2.4743342243587788e-11,-0.24409640347287137,-0.04763377948623393,-12.086460341608934,-168.95788108580928,12.086460341608934,-0.24403099863100564,-0.047115121641643824,-12.092156281635752,-169.07234671884558
898742676.8334469,-3.5079632962087293,8.335827649556535e-11,5.699750028032147e-11,3.565733769739074e-12,2.8024291600648414e-12,22.217201505858085,-1.4764515285494757,1.0670178914667407e-10,7.971916108372496e-11,-2.3343512651108746e-11,-2.2721660803403486e-11,-0.24250537265580996,-0.03176456518762943,-12.231692487779043,-172.53759670073578,12.231692487779043,-0.24246168142564678,-0.031241857610023023,-12.235623730846235,-172.65773674889434
899992666.648236,-3.517727977080056,8.268023652016665e-11,5.8127584464139486e-11,3.611857212256347e-12,2.720630796626062e-12,22.338984216593953,-0.7332914357417208,1.0720341712182393e-10,7.879086906998766e-11,-2.4523180601657296e-11,-2.066328460584817e-11,-0.24050332974218577,-0.015986600868216648,-12.358431307956316,-176.1970619030942,12.358431307956316,-0.24048136604957218,-0.015459722393793533,-12.360460018747577,-176.3217123984089
901242656.4630252,-3.527506229432672,8.20793553736654e-11,5.928758622649548e-11,3.655428768207657e-12,2.637845623898856e-12,22.461515694992023,0.01027932609496329,1.0769702233520667e-10,7.785959545694551e-11,-2.5617666961541273e-11,-1.8572009230450053e-11,-0.23809588786016503,-0.0003153264682624438,-12.46495448678844,-179.92411937308205,12.46495448678844,-0.2380956785243772,0.0002158490850566428,-12.464966171506006,179.94805769565366
902492646.2778145,-3.5372980532665803,8.155647268088882e-11,6.047375236535179e-11,3.6964243958154894e-12,2.5541802050049403e-12,22.58480171165918,0.7542691533543787,1.0818258916183174e-10,7.692540948346972e-11,-2.662611648094295e-11,-1.6451657118117943e-11,-0.23528941297919162,0.015234219620739595,-12.549784103482594,176.29545662796738,12.549784103482594,-0.23531099695793223,0.01576982494333987,-12.547693850511582,176.16594476935907
903742636.0926037,-3.5471034485817783,8.111222188731292e-11,6.16823165019527e-11,3.734825733145075e-12,2.4697414772572927e-12,22.708848014547904,1.498686434019599,1.0866010257514779e-10,7.598838044430176e-11,-2.7547880687834874e-11,-1.4306063942349033e-11,-0.23209099127986335,0.03064744576710903,-12.611759019887081,172.47765512417212,12.611759019887081,-0.23213441877639773,0.031187621448995194,-12.607516690017293,172.34804320798892
904992625.9073929,-3.5569224153782697,8.07470316027794e-11,6.290951260201507e-11,3.770620061948678e-12,2.3846363814326146e-12,22.8336603391922,2.243539602749168,1.0912954814688007e-10,7.504857768486503e-11,-2.8382516544100648e-11,-1.2139065082849975e-11,-0.2285083925645105,0.045910249361868744,-12.65009566812391,168.6397910984316,12.65009566812391,-0.22857372400977624,0.04645514517317382,-12.643689459714126,168.51172382910113
906242615.7221822,-3.566754953656048,8.04611280883368e-11,6.415158820275523e-11,3.803800240179692e-12,2.2989714990526136e-12,22.959244453992298,2.9888371747692206,1.0959091204682285e-10,7.410607059608397e-11,-2.912978395848607e-11,-9.954482393328735e-12,-0.22455003020479275,0.061009055153440156,-12.664430787003539,164.7999614519005,12.664430787003539,-0.22463733512802847,0.061558831203668334,-12.655888736488297,164.67508405010875
907492605.5369713,-3.576601063415114,8.02545388001666e-11,6.540481715931594e-11,3.834364605529443e-12,2.2128527027836023e-12,23.085606216770614,3.7345877401661194,1.1004418104258642e-10,7.31609286092099e-11,-2.9789642242419846e-11,-7.756111449893964e-12,-0.22022491862854354,0.07593084905256686,-12.65484125269349,160.97643507267435,12.65484125269349,-0.22033427443061965,0.07648567681955373,-12.644230451224345,160.85633672287852
908742595.3517605,-3.586460744655466,8.012709683662372e-11,6.666551179079153e-11,3.862316854200983e-12,2.1263848232387928e-12,23.212751612483505,4.480799921314331,1.1048934249929947e-10,7.2213221190655e-11,-3.0362245662675736e-11,-5.547709399863466e-12,-0.21554262946876088,0.09066320743145946,-12.621838662717593,157.18702784225292,12.621838662717593,-0.21567412011310996,0.09122327065242637,-12.609262237740742,157.07318874754088
909992585.1665498,-3.5963339973771076,8.00784461278783e-11,6.793003439830401e-11,3.887665899313676e-12,2.0396713329405024e-12,23.340686751783316,5.227482316094897,1.1092638437926643e-10,7.1263017836834e-11,-3.084793825138812e-11,-3.332983438529997e-12,-0.21051324716983943,0.10519432247541252,-12.56633931220533,153.448515715196,12.56633931220533,-0.21066696180665634,0.10575981789406902,-12.551931485981694,153.34226212608576
911242574.981339,-3.6062208215800364,8.010804726238049e-11,6.91948081952651e-11,3.9104257118331824e-12,1.952814046345551e-12,23.469417831008236,5.974643457519325,1.1135529524158048e-10,7.031038806901481e-11,-3.124724797920002e-11,-1.1155798737497093e-12,-0.20514732426178509,0.11951302430247615,-12.489613058112823,149.7761330703754,12.489613058112823,-0.20532335580184355,0.12008416226800728,-12.473532801661381,149.678603524346
912492564.7961283,-3.616121217264246,8.021518392494292e-11,7.045632769771616e-11,3.9306151447143305e-12,1.8659128346248144e-12,23.59895107503381,6.722291811921432,1.1177606424169162e-10,6.935540142817754e-11,-3.156088031674871e-11,1.1009262695386302e-12,-0.19945583600902902,0.13360880027807617,-12.393216746535378,146.18319080523125,12.393216746535378,-0.1996542796637736,0.13418580519403436,-12.37564066102441,146.09531528549599
913742554.6109174,-3.6260351844297416,8.039896997775122e-11,7.171116857051008e-11,3.948257739396447e-12,1.7790653553163297e-12,23.72929269399905,7.470435817334529,1.1218868113093027e-10,6.839812746988304e-11,-3.178971115317906e-11,3.3130411006270473e-12,-0.19345013400469865,0.14747181140348606,-12.278919020051234,142.68083207440586,12.278919020051234,-0.19367108580906228,0.14805492202688755,-12.260034086942522,142.60332419540032
914992544.4257066,-3.63596272307652,8.065835721294406e-11,7.2955996848328e-11,3.963381513864147e-12,1.6923667990747504e-12,23.860448877880422,8.219083941940033,1.1259313625598712e-10,6.743863575915104e-11,-3.193477904304305e-11,5.517361089176982e-12,-0.1871418985879254,0.16109290518461408,-12.148623343378663,139.27792663862314,12.148623343378663,-0.18738545392154743,0.16168237477763542,-12.128620103209883,139.21128758919204
916242534.2404959,-3.645903833204582,8.099214374370803e-11,7.41875773987642e-11,3.9760187331773326e-12,1.6059096571581633e-12,23.992425832761118,8.968244731278478,1.1298942055834799e-10,6.647699586534827e-11,-3.199727681463994e-11,7.710581533415948e-12,-0.18054309052878495,0.17446362428096163,-12.004295164101482,135.9810904936906,12.004295164101482,-0.18080934265017123,0.1750597206192986,-11.983361742295084,135.92562251265872
917492524.0552851,-3.6558585148139238,8.139898291535259e-11,7.540278150287538e-11,3.986205665716381e-12,1.5197835130697e-12,24.125229840098267,9.717926818488714,1.1337752557368532e-10,6.551327735708698e-11,-3.197854265833272e-11,9.889504145788422e-12,-0.173665902919226,0.18757621057255305,-11.847897604317945,132.79480765272405,11.847897604317945,-0.1739549415261625,0.1881792158156699,-11.826214837152323,132.75063434196042
918742513.8700743,-3.6658267679045498,8.187739255815788e-11,7.659859349639625e-11,3.993982330023777e-12,1.4340748599137598e-12,24.258867307486682,10.468138891464974,1.1375744343120537e-10,6.454754979713418e-11,-3.188005087304749e-11,1.2051043699262062e-11,-0.1665227143359334,0.20042360488703087,-11.681338344995671,129.7216261898184,11.681338344995671,-0.16683462416442502,0.2010338153163441,-11.659076101709463,129.68871694112292
919992503.6848636,-3.6758085924764554,8.242576440480433e-11,7.777211650699681e-11,3.9993922370959805e-12,1.3488669425013999e-12,24.39334478347549,11.218889634117913,1.1412916685295185e-10,6.357988273733238e-11,-3.1703402448147525e-11,1.4192233769664421e-11,-0.15912604401864527,0.21299944316729003,-11.506428743057723,126.76240036335494,11.506428743057723,-0.15946090349187592,0.2136171687990428,-11.483743412339786,126.74059647188439
921242493.4996527,-3.685803988529639,8.304237355665454e-11,7.892057738990637e-11,4.002482131295821e-12,1.2642396214051196e-12,24.52866892803519,11.970187673328708,1.1449268915306581e-10,6.261034571353135e-11,-3.1450315596411283e-11,1.6310231676375e-11,-0.1514885092085805,0.2252980500358959,-11.324854920128839,123.91655362584238,11.324854920128839,-0.1518463891467605,0.22592361411636364,-11.301887940510959,123.90559414625687
922492483.3144419,-3.6958129560641013,8.37253879699142e-11,8.004133097104351e-11,4.003301730679262e-12,1.1802692559765703e-12,24.66484645425531,12.722041560694866,1.1484800423700208e-10,6.16390082405322e-11,-3.1122616267087885e-11,1.840232273051131e-11,-0.14362278424769792,0.23731443043659098,-11.138159665220828,121.1823422145254,11.138159665220828,-0.14400374664892482,0.23794816882836659,-11.11503692892672,121.18188816231046
923742473.1292312,-3.705835495079841,8.447287799529576e-11,8.113186365357779e-11,4.001903465815669e-12,1.0970286047984067e-12,24.801884072843738,13.474459799790173,1.1519510660070244e-10,6.066593980704345e-11,-3.072222860540669e-11,2.0465923846534326e-11,-0.13554156084945124,0.24904425947382136,-10.947733487196857,118.55710456888221,10.947733487196857,-0.13594565775058493,0.24968651994314506,-10.924565429442545,118.56676058732684
924992462.9440204,-3.7158716055768575,8.528282600841913e-11,8.218979636553993e-11,3.998342216082156e-12,1.0145867441868117e-12,24.93978847012486,14.227450905057617,1.155339913297257e-10,5.969120987065018e-11,-3.025116532130658e-11,2.2498586494889738e-11,-0.12725750921049714,0.2604838700577866,-10.754812964678646,116.03748712009255,10.754812964678646,-0.12768478163549146,0.26113501147389234,-10.731695156285035,116.05682016964234
926242452.7588096,-3.7259212875551535,8.615313611288811e-11,8.321288677189507e-11,3.992675043927739e-12,9.330090068460003e-13,25.078566332602847,14.98102346089007,1.158646540983345e-10,5.871488785279571e-11,-2.971151798544637e-11,2.4497998919099356e-11,-0.11878324017725841,0.2716302377961458,-10.560484579103491,113.61964148257604,10.560484579103491,-0.11923371717852696,0.27229062925411535,-10.537498660603271,113.64819644225292
927492442.5735989,-3.735984541014722,8.708164381857778e-11,8.419903067902177e-11,3.984960929778721e-12,8.523569426517667e-13,25.218224406001546,15.735186148662695,1.1618709116853962e-10,5.773704313377705e-11,-2.910544734996187e-11,2.646198754524472e-11,-0.11013126918399337,0.28248096285403446,-10.36569239472051,111.29939150393596,10.36569239472051,-0.11060496698056195,0.2831509827325685,-10.342907217452428,111.33670380527472
928742432.388388,-3.7460613659555624,8.806612554316946e-11,8.514626262262099e-11,3.975260511749963e-12,7.726883018127152e-13,25.358769557569524,16.489947726285195,1.1650129938910146e-10,5.6757745047753974e-11,-2.8435173845931995e-11,2.8388517574867014e-11,-0.10131398283697853,0.2930342490728855,-10.171248199588849,109.07237099149972,10.171248199588849,-0.10181090405171814,0.29371428403784966,-10.148721068158899,109.11797654792241
929992422.2031772,-3.7561517623776814,8.910430778985438e-11,8.605275571692382e-11,3.963635834193201e-12,6.940570382782668e-13,25.500208807938616,17.245316970478463,1.168072761944887e-10,5.577706287777219e-11,-2.7702968404634305e-11,3.0275692839151634e-11,-0.09234360872801776,0.30328888116994024,-9.977842996471429,106.9341343787212,9.977842996471429,-0.09286374172530996,0.303979325133868,-9.955620933989549,106.98757714663208
931242412.0179665,-3.7662557302810704,9.019387591814062e-11,8.691682090471676e-11,3.9501501073598065e-12,6.16513329573362e-13,25.642549314719677,18.001302612643425,1.1710501960379542e-10,5.479506585080115e-11,-2.6911143685654777e-11,3.2121755053915606e-11,-0.08323218847389244,0.31324420102876566,-9.78605900062719,104.88024334308723,9.78605900062719,-0.08377550679854183,0.3139454540760266,-9.764179981477495,104.94108087460899
932492401.8327557,-3.776373269665738,9.133248251307911e-11,8.773690574971257e-11,3.934867478034242e-12,5.401036091843862e-13,25.7857983160656,18.757913303443292,1.17394528219615e-10,5.381182313278653e-11,-2.6062045706535877e-11,3.392508261692605e-11,-0.07399155342088903,0.3229000838268829,-9.596381542874736,102.90633266472301,9.596381542874736,-0.07455801533865097,0.3236125511141353,-9.574875656775658,102.97414000276879
933742391.6475449,-3.7865043805316723,9.251775542206561e-11,8.851159285536213e-11,3.917852809245502e-12,4.648706091941765e-13,25.929963064614416,19.515157626316363,1.1767580122687315e-10,5.282740382371808e-11,-2.5158045804807544e-11,3.568418903164405e-11,-0.06463330223336015,0.33225691417903336,-9.40921047862057,101.00815860714255,9.40921047862057,-0.06522285037274407,0.3329810048207579,-9.388101004442834,101.0825308447137
934992381.4623342,-3.7966490628788807,9.37473055332439e-11,8.923959791195601e-11,3.899171467030439e-12,3.908534131169544e-13,26.075050788274346,20.273044153752767,1.1794883839161812e-10,5.184187695271297e-11,-2.420153285837425e-11,3.739772095924305e-11,-0.05516877981746454,0.34131556192614637,-9.224870860870135,99.18163293257707,9.224870860870135,-0.05578134091136127,0.3420516878751796,-9.204175239574244,99.26218671949685
936242371.2771233,-3.8068073167073564,9.501873431555005e-11,8.99197673155587e-11,3.878889113702059e-12,3.1808752048126347e-13,26.221068700481165,21.031581516490846,1.1821364005977e-10,5.085531147311511e-11,-2.3194905744219946e-11,3.906445584244359e-11,-0.045609057571781166,0.35007735698120485,-9.043622747904065,97.42284539988655,9.043622747904065,-0.04624454229604414,0.35082593191391365,-9.023353451677774,97.50921963824415
937492361.0919125,-3.8169791420171038,9.632964106205527e-11,9.055107530226488e-11,3.857071509223236e-12,2.4660492471017235e-13,26.36802405591335,21.790778447902472,1.1847020715582827e-10,4.9867776257610636e-11,-2.2140566093772985e-11,4.0683299044654247e-11,-0.03596491548517264,0.35854406287414864,-8.865670090550216,95.72807726170235,8.865670090550216,-0.03662321838993174,0.3593055010890218,-8.845835390437434,95.81993319031312
938742350.9067018,-3.8271645388081215,9.767762972403003e-11,9.113262059935963e-11,3.83378432377217e-12,1.7643420425630423e-13,26.515924222502214,22.5506437785152,1.1871854118153808e-10,4.88793400933602e-11,-2.1040911457508073e-11,4.225328050599941e-11,-0.02624682680675599,0.36671784917981015,-8.691168690220438,94.09380789666002,8.691168690220438,-0.026927826335319316,0.3674925645169434,-8.67177332784191,94.1908287272946
939992340.721491,-3.837363507080405,9.90603152272263e-11,9.166362267682172e-11,3.8090929644743335e-12,1.0760062470636427e-13,26.664776730814424,23.311186382447424,1.1895864421451579e-10,4.7890071677148155e-11,-1.9898328987289467e-11,4.3773550999673576e-11,-0.016464945768139314,0.3746012635476262,-8.520233248567044,92.51671630828876,8.520233248567044,-0.0171685043580633,0.3753896683351796,-8.501279019447454,92.61860654350718
941242330.5362802,-3.8475760468339546,1.0047532922406952e-10,9.214341773983831e-11,3.78306241757163e-12,4.012624800176509e-14,26.814589273326014,24.072415104123,1.1919051890683315e-10,4.690003961054898e-11,-1.87151896827636e-11,4.5243378129289333e-11,-0.006629098278330984,0.3821972042653274,-8.352943551821737,90.99367883339617,8.352943551821737,-0.0073550625394832704,0.3829997082979792,-8.334429808756763,91.10016336791203
942492320.3510695,-3.857802158068771,1.0192032532143253e-10,9.257145460153964e-11,3.755757104943813e-12,-2.5969955038256662e-14,26.965369653042593,24.834338705302006,1.1941416848356126e-10,4.590931239511156e-11,-1.7493843162128726e-11,4.66621422064281e-11,0.003251225047021352,0.3895088940512165,-8.189349852017543,89.52176407199907,8.189349852017543,0.0025030240821731567,0.39032590360513547,-8.171273937142738,89.63258715642169
943742310.1658586,-3.8680418407848585,1.0339298388509808e-10,9.294729051522092e-11,3.727240752214087e-12,-9.067199106259496e-14,27.117125708919886,25.596965862339175,1.1962959674127388e-10,4.4917958427561286e-11,-1.6236612856175803e-11,4.8029332087659654e-11,0.013166874401829695,0.3965398552103504,-8.0294775229835,88.09822580689338,8.0294775229835,0.012396620960336125,0.3973717720991689,-8.011835136973529,88.21314993395343
944992299.9806478,-3.8782950949822084,1.0489101652488815e-10,9.327058696116417e-11,3.697576265592021e-12,-1.539667292694382e-13,27.26986525915424,26.360305216619672,1.1983680804651052e-10,4.3926045995020705e-11,-1.4945791521622386e-11,4.9344540966143464e-11,0.023109045520316125,0.40329388572298774,-7.873331078110017,86.7204945262407,7.873331078110017,0.02231693870825734,0.40414110639930845,-7.856116594414056,86.83929928456308
946242289.7954371,-3.8885619206608215,1.0641217030890066e-10,9.354110532304226e-11,3.666825616128363e-12,-2.158437834415543e-13,27.4235960946838,27.12436545174667,1.200358073341995e-10,4.2933643270248685e-11,-1.3623637025298847e-11,5.060746205279358e-11,0.03306928375286567,0.409775035577499,-7.720897636605118,85.38616807198173,7.720897636605118,0.0322555371180045,0.410637950284192,-7.704104367943392,85.50864900048093
947492279.6102263,-3.8988423178206997,1.0795423167549189e-10,9.375870238673781e-11,3.6350497322426034e-12,-2.7629538909578055e-13,27.578326028335905,27.889155355462734,1.202266001060411e-10,4.194081830689872e-11,-1.2272368430549196e-11,5.181788407983908e-11,0.043039487062839325,0.4159875828543986,-7.572149915363466,84.09300187015327,7.572149915363466,0.04220432810695582,0.4168665748291025,-7.555770338968771,84.21896933663214
948742269.4250154,-3.909136286461845,1.0951502995564253e-10,9.392332565012716e-11,3.602308402918267e-12,-3.35316275433454e-13,27.73406297433952,28.654683831539117,1.20409192428851e-10,4.0947639034796566e-11,-1.0894162473208497e-11,5.297568661533058e-11,0.05301190726958637,0.4219360095943653,-7.427048808286452,82.83889912032366,7.427048808286452,0.05215557691740077,0.4228314543292947,-7.411074755640912,82.96817724041681
949992259.2398047,-3.9194438265842484,1.110924404199955e-10,9.403500851194985e-11,3.5686601939156164e-12,-3.9290353395853596e-13,27.890815015323895,29.42095985363438,1.2058359093286496e-10,3.9954173255237564e-11,-9.491150512869455e-12,5.408083525671228e-11,0.06297914906106425,0.4276249780317764,-7.285545599708327,81.62190121552001,7.285545599708327,0.062101901092367434,0.4285372425895619,-7.269968415838956,81.75432682240475
951242249.0545939,-3.9297649381879154,1.126843868240143e-10,9.40938654634011e-11,3.5341623777304866e-12,-4.490564871512855e-13,28.04859041962006,30.187992385141328,1.2074980281000312e-10,3.896048863630394e-11,-8.06541598598882e-12,5.5133376827097176e-11,0.07293416683263247,0.4330593080246767,-7.147583848715882,80.44017854279123,7.147583848715882,0.07203626728338543,0.4339887504099796,-7.132394525488016,80.5756002138245
952492238.8693831,-3.9400996212728434,1.1428884350744823e-10,9.410008740383023e-11,3.498870875761186e-12,-5.037765605236495e-13,28.20739759822725,30.955790308673535,1.209078358120965e-10,3.796665270820258e-11,-6.6189923046482804e-12,5.6133434695627665e-11,0.08287025996991658,0.4382439563127981,-7.013100978745749,79.29202170728783,7.013100978745749,0.08195198650706621,0.43919092489913586,-6.998290266028542,79.43029885066589
953742228.6841724,-3.9504478758390373,1.1590383716280775e-10,9.405393714207032e-11,3.4628402095420372e-12,-5.570671597426523e-13,28.367245024084074,31.72436240478139,1.2105769824907403e-10,3.697273285862333e-11,-5.1538610862662765e-12,5.708120428344699e-11,0.0927810674597582,0.44318399769615485,-6.882029610061128,78.17583315878439,6.882029610061128,0.09184270873383057,0.44414883070763467,-6.867588108124805,78.31683516120032
954992218.4989616,-3.9608097018864825,1.1752744838821792e-10,9.395574506134742e-11,3.4261234578838753e-12,-6.089335522184021e-13,28.52814115797643,32.493717393249675,1.2119939898711152e-10,3.597879632811844e-11,-3.671950598893602e-12,5.797694873322899e-11,0.1026605625300871,0.44788460765223326,-6.754298676879555,77.09011919098467,6.754298676879555,0.1017024175095454,0.44886763270033686,-6.740216912911635,77.23372462581048
956242208.3137507,-3.9711850994151914,1.1915781308298586e-10,9.380590486611939e-11,3.3887722183241237e-12,-6.59382750920514e-13,28.690094423065254,33.2638640158339,1.213329474467417e-10,3.4984910205503125e-11,-2.1751343637557865e-12,5.882099466061624e-11,0.11250304749082418,0.45235104562506206,-6.629834371155715,76.03348231803538,6.629834371155715,0.11152542478264221,0.4533525793007485,-6.61610286235211,76.17957821253736
957492198.12854,-3.981574068425162,1.2079312366329246e-10,9.360486932715587e-11,3.3508365735062244e-12,-7.084233981309504e-13,28.85311324417336,34.03481111551692,1.2145835360092708e-10,3.3991141423277984e-11,-6.652299376346062e-13,5.961372790387787e-11,0.12230314837564187,0.45658863838333785,-6.508560948871265,75.00461407809215,6.508560948871265,0.12130636553713149,0.45760898590423493,-6.495170254174538,75.15309523742347
958742187.9433292,-3.991976608916388,1.2243163001815864e-10,9.335314599656237e-11,3.3123650646766667e-12,-7.56065648358817e-13,29.01720613230326,34.80656766792636,1.2157562797309426e-10,3.2997556753073205e-11,8.560020450643847e-13,6.035558924348916e-11,0.13205580869525424,0.4606027633588485,-6.390401423423521,74.00228833682455,6.390401423423521,0.1310401915423944,0.46164221827028473,-6.377342185652843,74.15305672194162
959992177.7581184,-4.002392720888872,1.2407164012576147e-10,9.305129294359359e-11,3.273404674490022e-12,-8.023210518109281e-13,29.182381768978654,35.57914274591582,1.2168478163513096e-10,3.2004222801115047e-11,2.3868584906305064e-12,6.104707014247854e-11,0.14175628177057994,0.46439883244134844,-6.275278158589295,73.0253551458149,6.275278158589295,0.14072216368763094,0.4654576763688339,-6.2625411384393646,73.17831930202154
961242167.5729077,-4.0128224043426135,1.2571152030714185e-10,9.269991461757377e-11,3.234000819751438e-12,-8.472024413317148e-13,29.348649043692745,36.352545435104076,1.2178582620534568e-10,3.1011206003714994e-11,3.925694101796128e-12,6.168870861385877e-11,0.15140012162538902,0.46798227699377914,-6.163113365441819,72.07273515762918,6.163113365441819,0.15034784287951328,0.469060779443814,-6.150689468616473,72.22780969020192
962492157.3876969,-4.023265659277611,1.2734969517479225e-10,9.22996579426496e-11,3.1941973525220954e-12,-8.907238256824486e-13,29.516017022540098,37.126784746170266,1.2187877384639026e-10,3.0018572622781646e-11,5.470921328402015e-12,6.228108531986793e-11,0.16098317298637319,0.47135853469395683,-6.053829506353665,71.1434145370708,6.053829506353665,0.15991308004975077,0.472456952900034,-6.041709804930742,71.30051963038541
963742147.2024862,-4.0337224856938665,1.2898464739023885e-10,9.185120869059157e-11,3.1540365664616234e-12,-9.329002904267294e-13,29.684494863972706,37.901869572956016,1.2196363726314532e-10,2.9026388741355908e-11,7.0210101270935015e-12,6.282481994923568e-11,0.17050156123465193,0.474533038293696,-5.947349614100462,70.23644026853458,5.947349614100462,0.16941400611573174,0.47565161710499093,-5.935525363079872,70.39550124527453
964992137.0172753,-4.044192883591373,1.306149173442497e-10,9.135528809593517e-11,3.1135592052946093e-12,-9.737479054447306e-13,29.8540917277673,38.6778087212922,1.2204042970056977e-10,2.8034720259169544e-11,8.574487643679957e-12,6.332056783676561e-11,0.17995168300370765,0.47751120580754425,-5.843597541227786,69.35091576226972,5.843597541227786,0.1788470225890754,0.47865017761863954,-5.832060191079406,69.51186267958204
966242126.8320645,-4.054676852970136,1.3223910281586293e-10,9.081264961960066e-11,3.072804471861925e-12,-1.013283636505443e-12,30.02481672856322,39.45461099458344,1.22109164941513e-10,2.7043632888227615e-11,1.0129937874349948e-11,6.376901673137303e-11,0.1893301976075769,0.4802984313315823,-5.7424981593774485,68.48599670481448,5.7424981593774485,0.18820879301641416,0.48145801605205707,-5.73123936527357,68.64876398457915
967492116.6468538,-4.065174393830155,1.3385585858546535e-10,9.022407576596894e-11,3.0318100384356473e-12,-1.051525258294307e-12,30.196678961948816,40.23228528987916,1.2216985730449177e-10,2.6053192148414937e-11,1.1686001280973593e-11,6.417088361755399e-11,0.19863401890086965,0.48290007582540306,-5.643977526941606,67.64088715696504,5.643977526941606,0.19749623485465861,0.48408048088795236,-5.6329891552326306,67.8054132475724
968742106.461643,-4.075685506171427,1.354638959197414e-10,8.959037491407769e-11,2.990612060549191e-12,-1.0884912678192668e-12,30.369687591223887,41.01084065079348,1.222225216414309e-10,2.5063463363126974e-11,1.3241374278310488e-11,6.452691155095072e-11,0.20786030685074366,0.48532145768985246,-5.5479630363268075,66.81483594464997,5.5479630363268075,0.20670651106120086,0.48652287809478084,-5.537237168709753,66.98106301179902
969992096.2764322,-4.086210189993953,1.3706198184559755e-10,8.891237820280551e-11,2.949245196613768e-12,-1.1242007992881465e-12,30.54385194849133,41.79028624617237,1.2226717333536812e-10,2.4074511654925268e-11,1.4794808510229428e-11,6.483786654788026e-11,0.21700645822235337,0.48756784355108496,-5.454383542608513,66.00713339172837,5.454383542608513,0.21583702080019532,0.48879046194404363,-5.443912478354424,66.17500703579672
971242086.0912215,-4.096748445297727,1.3864893818602972e-10,8.819093656568459e-11,2.907742634061891e-12,-1.158673543078236e-12,30.719181594194826,42.5706312841645,1.2230382829812431e-10,2.3086401941217985e-11,1.6345109887905413e-11,6.510453462446658e-11,0.2260700962711133,0.48964443998504187,-5.363169468135638,65.21710840814796,5.363169468135638,0.22488538915722175,0.4908884267642773,-5.352945724687908,65.38657740571563
972492075.9060106,-4.107300272082759,1.4022364041009404e-10,8.742691801026518e-11,2.8661361205888032e-12,-1.1919296713993108e-12,30.895686300816244,43.35188490800902,1.223325029679377e-10,2.209919892996556e-11,1.7891137442156294e-11,6.53277190802996e-11,0.23504905991221994,0.49155638679900543,-5.274252876165647,64.44412589274526,5.274252876165647,0.23384945633154955,0.49282190024854666,-5.264269188390063,64.61514195995788
973742065.7207998,-4.11786567034904,1.4178501640486668e-10,8.662120517988255e-11,2.82445599753614e-12,-1.2239897716876261e-12,31.07337596805282,44.13405613163151,1.2235321430706403e-10,2.1112967115411967e-11,1.943180209780263e-11,6.550823806447058e-11,0.24394139316621813,0.4933087519955713,-5.187567511211614,63.687584367829224,5.187567511211614,0.24272726710394538,0.49459593844163446,-5.177816829557709,63.86010194349758
974992055.5355891,-4.1284446400965695,1.4333204527656106e-10,8.577469315539315e-11,2.7827312324816585e-12,-1.2548747865689287e-12,31.252260515639517,44.91715385257807,1.2236597979934187e-10,2.0127770773841694e-11,2.096606547721923e-11,6.564692238155146e-11,0.25274533556809065,0.4949065279613357,-5.103048811525612,62.94691375616895,5.103048811525612,0.2515170612674237,0.4962155219503019,-5.093524299334162,63.120889802796654
976242045.3503783,-4.139037181325348,1.4486375623095521e-10,8.488828739765486e-11,2.7409894496608625e-12,-1.2846059576725004e-12,31.43234981407644,45.70118693742603,1.2237081744772351e-10,1.9143673959362958e-11,2.249293878323173e-11,6.574461343829191e-11,0.2614593137382379,0.4963546280827615,-5.020633905456783,62.2215732438927,5.020633905456783,0.26021726521993355,0.49768555257981717,-5.011328935611826,62.3969670651314
977492035.1651675,-4.149643294035381,1.463792275030474e-10,8.396290173109888e-11,2.699256959044588e-12,-1.3132047705665549e-12,31.613653694090825,46.48616433376961,1.22367745771772e-10,1.8160740499717088e-11,2.4011481731275384e-11,6.580216123138177e-11,0.27008193372589295,0.4976578830903979,-4.94026160462016,61.51104922720938,4.94026160462016,0.26882648433040834,0.49901084969789916,-4.931169755697783,61.687822300474245
978742024.9799567,-4.1602629782266645,1.4787758524898377e-10,8.299945632454701e-11,2.657558786454737e-12,-1.3406928996141621e-12,31.796182032552853,47.272095146396374,1.2235678380512458e-10,1.7179033992114665e-11,2.5520801443859203e-11,6.582042233243236e-11,0.27861197338488825,0.498821036913255,-4.861872402099348,60.81485338728944,4.861872402099348,0.2773434953386174,0.5001961461071469,-4.852987454119061,60.99296921038085
979992014.7947459,-4.170896233899194,1.4935800231259632e-10,8.199887570447406e-11,2.6159187071196466e-12,-1.3670921537144626e-12,31.979944869325678,48.058988633472154,1.223379510929224e-10,1.619861779909849e-11,2.702005121967391e-11,6.580025790537557e-11,0.2870483741278972,0.4998487424117312,-4.785408475775021,60.132520951328274,4.785408475775021,0.2857672381347167,0.5012460837933946,-4.776724405624643,60.311944901907644
981242004.6095351,-4.181543061052971,1.5081969683422918e-10,8.096208689173455e-11,2.5743592835544575e-12,-1.3924244254231832e-12,32.16495249058945,48.84685412231329,1.2231126768920715e-10,1.5219555044433853e-11,2.850842914502201e-11,6.57425318473007e-11,0.2953902318770931,0.5007455577133527,-4.7108136896893456,59.463609172272314,4.7108136896893456,0.29409680673549426,0.5021652102736412,-4.702324666279154,59.644308378996335
982491994.4243244,-4.192203459687996,1.5226193074801924e-10,7.989001775264083e-11,2.5329019065015044e-12,-1.4167116459428383e-12,32.351215431053475,49.635700889763335,1.2227675415428466e-10,1.4241908609026036e-11,2.998517659373455e-11,6.56481091436148e-11,0.30363678761385615,0.5015159437966745,-4.638033583938167,58.80769601007186,4.638033583938167,0.30233143985876304,0.5029579761890987,-4.629733963142465,58.98963923418246
983741984.2391136,-4.202877429804268,1.536840082690878e-10,7.878359559931509e-11,2.49156683615097e-12,-1.439975746939691e-12,32.53874439181326,50.42553807365869,1.2223443155205624e-10,1.3265741126865675e-11,3.144957671703156e-11,6.55178544724494e-11,0.3117874182903034,0.502164263500957,-4.567015347089303,58.16437895183294,4.567015347089303,0.3104705118578636,0.5036287343218943,-4.558899666544997,58.34753647808968
984991974.0539027,-4.21356497140179,1.5508527447156107e-10,7.764374599525081e-11,2.4503732408767197e-12,-1.4622386279805622e-12,32.72755011824304,51.21637466642151,1.221843214473171e-10,1.2291114981002011e-11,3.290095302424399e-11,6.53526310142488e-11,0.3198416287927764,0.5026947815520608,-4.497707772453979,57.533273892429754,4.497707772453979,0.3185135247064068,0.5041817396270659,-4.489770746292823,57.71761742845556
986241963.868692,-4.224266084480554,1.5646511400209232e-10,7.647139166623067e-11,2.409339232263276e-12,-1.4835221268540544e-12,32.91764330637946,52.008219596965965,1.221264459030234e-10,1.1318092299544307e-11,3.4338668099068916e-11,6.515329936668635e-11,0.32779904518257175,0.5031116648264501,-4.430061206513514,56.9140140198498,4.430061206513514,0.32646010125929886,0.5046211495025702,-4.4222977200981894,57.099516603188476
987491953.6834812,-4.234980769040568,1.578229498943316e-10,7.526745141670477e-11,2.3684818973703305e-12,-1.5038479900396387e-12,33.10903459233098,52.801081857279115,1.2206082747752683e-10,1.034673495169184e-11,3.576212241680476e-11,6.492071646501291e-11,0.33565940884824075,0.5034189821376726,-4.364027500503547,56.306248698200285,4.364027500503547,0.3343099794254222,0.5049510235817088,-4.356432605216513,56.49288461057086
988741943.4982704,-4.245709025081828,1.5915824239369612e-10,7.403283900732173e-11,2.3278173307180986e-12,-1.5232378421108643e-12,33.301734633963996,53.59497060330899,1.2198748922177821e-10,9.377104543792517e-12,3.7170753171917866e-11,6.465573446352922e-11,0.3434225708253047,0.5036207032879434,-4.2995599730785745,55.70964238908715,4.2995599730785745,0.3420630065085236,0.5051753227898635,-4.292128881184097,55.89738707740492
989991933.3130597,-4.2564508526043285,1.6047048770129773e-10,7.276846202786189e-11,2.287360668490314e-12,-1.5417131550112337e-12,33.495754242106116,54.38989517208578,1.2190645467649966e-10,8.409262415430446e-12,3.856403302479802e-11,6.435919961243143e-11,0.35108848558984246,0.5037206977187894,-4.23661338483872,55.12387367290661,4.23661338483872,0.34971913302266083,0.5052979079984597,-4.22934146441504,55.31270367661331
991241923.1278489,-4.267206251608073,1.6175921660087814e-10,7.147522085537043e-11,2.2471261259450782e-12,-1.559295219663089e-12,33.69110448904869,55.18586500264143,1.218177478693259e-10,7.4432696355428e-12,3.9941468731552234e-11,6.403195121982765e-11,0.3586572040821486,0.5037227334800002,-4.175143918255425,54.5486344145546,4.175143918255425,0.35727840573753616,0.5053225389947348,-4.168026688185072,54.738527298707226
992491912.942638,-4.277975222093065,1.6302399301051511e-10,7.015400778742058e-11,2.207127036889186e-12,-1.5760051223734425e-12,33.887796732697396,55.982889502479225,1.2172139331191507e-10,6.479186998565981e-12,4.130259969860006e-11,6.36748207888546e-11,0.36612886630635577,0.5036304771946934,-4.115109153163232,53.98362907331955,4.115109153163232,0.3647409602984445,0.5052528744452487,-4.1081422781775165,54.17456336680918
993741902.7574273,-4.288757764059299,1.642644125558289e-10,6.880570638527259e-11,2.1673758925656335e-12,-1.5918637269893926e-12,34.08584254063164,56.78097793359548,1.2161741599702897e-10,5.517075020611671e-12,4.26469965587999e-11,6.328863136466094e-11,0.37350369424202173,0.5034474952546917,-4.05646803028704,53.42857410967617,4.05646803028704,0.3721070141560209,0.5050924730882631,-4.049647316079145,53.620529247952945
994991892.5722165,-4.299553877506779,1.6548010126112363e-10,6.743119098370467e-11,2.127884377312141e-12,-1.6068916616190272e-12,34.28525355468669,57.58013938332125,1.2150584139558372e-10,4.556993935672576e-12,4.3974259865539873e-11,6.287419704803211e-11,0.3807819857694661,0.5031772558902626,-3.9991808018835324,52.883197418741325,3.9991808018835324,0.3793768605075973,0.5048447958002819,-3.9925021903214706,53.07615369052969
996241882.3870057,-4.310363562435499,1.6667071439945373e-10,6.603132626923044e-11,2.0886633998674654e-12,-1.621109307225203e-12,34.48604137177712,58.38038283914448,1.2138669545367025e-10,3.5990036918584987e-12,4.528401894578352e-11,6.243232257737192e-11,0.3879641098713294,0.5028231313614767,-3.9432089757513378,52.34723773403516,3.9432089757513378,0.38655086351347434,0.5045132077848868,-3.936668540226762,52.541176231695964
997491872.201795,-4.321186818845462,1.678359354644066e-10,6.46069668285111e-11,2.0497231213447495e-12,-1.634536785402141e-12,34.68821750988105,59.1817173281715,1.2126000458954553e-10,2.643163947662697e-12,4.657593087486105e-11,6.196380288084838e-11,0.3950505027804423,0.5023883995436143,-3.8885152625918122,51.820443988038015,3.8885152625918122,0.3936294544593625,0.5041009801563595,-3.882109203529522,52.01534656139698
998741862.0165842,-4.332023646736668,1.6897547517107431e-10,6.315895662390693e-11,2.011072982406652e-12,-1.6471939441553012e-12,34.891793481885344,59.98415204386313,1.2112579569059503e-10,1.6895340682589188e-12,4.78496794804793e-11,6.1469422555648e-11,0.40204166433874694,0.5018762446124291,-3.835063534922034,51.30257466392306,3.835063534922034,0.4006131281305608,0.5036112906231259,-3.8287881754530853,51.49842387746629
999991851.8313733,-4.342874046109117,1.7008907039340273e-10,6.16881284309754e-11,1.972721732184895e-12,-1.659100342638219e-12,35.09678093935998,60.787696387443,1.2098409611026583e-10,7.38173121829196e-13,4.9104974283136866e-11,6.094995530914619e-11,0.4089381538463143,0.5012897571281705,-3.782818799482345,50.793397199242435,3.782818799482345,0.4075024386769137,0.5030472235687936,-3.776670581262476,50.99017629255066
1001241841.6461626,-4.35373801696281,1.7117648299973317e-10,6.019530332779167e-11,1.9346774599901633e-12,-1.670275237308643e-12,35.30319180732456,61.59235989761783,1.2083493366497164e-10,-2.108601240772404e-13,5.03415493347615e-11,6.040616345186892e-11,0.415740585104947,0.5006319342298312,-3.7317471778577755,50.292687492905785,3.7317471778577755,0.4142979946721924,0.5024117702414846,-3.725722657002751,50.49038034409391
1002491831.4609518,-4.364615559297734,1.7223749862567412e-10,5.8681290326167e-11,1.8969476287400117e-12,-1.680737571971816e-12,35.5110383336917,62.398152104997756,1.2067833663096964e-10,-1.1575072061538903e-12,5.155916199470451e-11,5.983879753232088e-11,0.4224496209527273,0.49990568064665186,-3.6818158858690557,49.80022952724641,3.6818158858690557,0.42100045366308037,0.5017078297585444,-3.6759117289848313,49.99882061906119
1003741821.275741,-4.375506673113904,1.7327192547803112e-10,5.714688618028295e-11,1.8595391075367413e-12,-1.6905059726839956e-12,35.720333023249786,63.20508239164626,1.2051433374120886e-10,-2.1017099689151475e-12,5.275759173682229e-11,5.924859614919811e-11,0.4290659680038265,0.49911381081556827,-3.6329932034706762,49.31581506977558,3.6329932034706762,0.4276105169212205,0.5009382112162147,-3.627206183774747,49.515289457959675
1004991811.0905303,-4.386411358411311,1.7427959326340808e-10,5.559287533109033e-11,1.8224582008304082e-12,-1.6995987463751478e-12,35.931088490887966,64.01315993581689,1.20342954182152e-10,-3.04341056824317e-12,5.39366390812561e-11,5.863628589933347e-11,0.4355903723115803,0.49825905180200775,-3.585248432706713,48.83924339090296,3.585248432706713,0.43412892511634477,0.5001056366029487,-3.5795754262567496,49.039586674490806
1006241800.9053195,-4.397329615189965,1.75260352280367e-10,5.402002989033716e-11,1.7857106731014412e-12,-1.708033880556987e-12,36.143317315906344,64.82239377591017,1.2016422759056913e-10,-3.982551474902571e-12,5.509612468979787e-11,5.8002581365239735e-11,0.44202361626006953,0.49734404629758905,-3.5385518484274097,48.370320940216175,3.5385518484274097,0.44055645521657616,0.4992127437908384,-3.532989830483728,48.571519233565006
1007491790.7201086,-4.408261443449853,1.7621407263677145e-10,5.242910956819769e-11,1.749301770114077e-12,-1.7158290414854911e-12,36.35703198123433,65.63279296077607,1.1997818405030503e-10,-4.919075478022994e-12,5.623588858646641e-11,5.7348185046220675e-11,0.4483665163973039,0.4963713549558916,-3.4928746509493696,47.908860961151284,3.4928746509493696,0.44689391833025915,0.4982620888664037,-3.4874206924921376,48.11090086766125
1008741780.5348979,-4.419206843190983,1.7714064349931795e-10,5.082086150306407e-11,1.7132362392882818e-12,-1.7230015696426286e-12,36.57224493560614,66.44436670319197,1.1978485408901942e-10,-5.852925688549539e-12,5.7355789410298575e-11,5.667378719161363e-11,0.45461992149192076,0.495343457734188,-3.4481889291611196,47.454683071075685,3.4481889291611196,0.4531421577721356,0.4972561474678213,-3.4428401935653277,47.65755165864193
1009991770.3496871,-4.430165814413353,1.7803997228211312e-10,4.919602002915244e-11,1.6775183517418783e-12,-1.72956847351398e-12,36.78896874779262,67.25712444890509,1.1958426867490118e-10,-6.784045542660521e-12,5.845570360721195e-11,5.598006557181297e-11,0.4607847100728044,0.4942627545015367,-3.4044676371522304,47.00761286456358,3.4044676371522304,0.4593020466133403,0.4961973153877969,-3.3992213770023993,47.21129764278869
1011241760.1644764,-4.44113835711696,1.7891198373536906e-10,4.755530647208404e-11,1.6421519270692512e-12,-1.735546424132403e-12,37.007216268482516,68.07107581905808,1.193764592133569e-10,-7.712378805152639e-12,5.953552452201215e-11,5.526768527723668e-11,0.4668617871101994,0.49313156561184346,-3.361684580345179,46.56748159496461,3.361684580345179,0.4653744843729683,0.49508790913980794,-3.3565381343593774,46.77197049405769
1012491749.9792656,-4.452124471301801,1.7975661897196287e-10,4.589942906278755e-11,1.6071403598224185e-12,-1.7409517528629016e-12,37.227000708396744,68.88623045477637,1.1916145754367308e-10,-8.637869572793118e-12,6.059516142828979e-11,5.453729863558068e-11,0.4728520800883424,0.4919521331729485,-3.3198144023179847,46.13412595507279,3.3198144023179847,0.47136039310000266,0.4939301672187541,-3.3147651923537436,46.33940730623493
1013741739.7940547,-4.463124156967886,1.8057383452377436e-10,4.422908300603e-11,1.5724866451762326e-12,-1.745800453423396e-12,37.44833558620474,69.70259784946782,1.1893929593565337e-10,-9.560462277638877e-12,6.163453858812095e-11,5.378954528366887e-11,0.47875653516349254,0.4907266233512021,-3.278832563686061,45.70738793129955,3.278832563686061,0.477260713538582,0.4927262523963455,-3.273878091817058,45.91345044831887
1014991729.608844,-4.474137414115207,1.8136360151970293e-10,4.2544950663448576e-11,1.538193401259803e-12,-1.750108187042012e-12,37.67123457275102,70.5201872640714,1.1871000708623108e-10,-1.0480101690322372e-11,6.26535944334719e-11,5.302505235377094e-11,0.4845761141424667,0.48945712946069353,-3.238715309424309,45.28711467338213,3.238715309424309,0.4830764021116703,0.49147825480169144,-3.233853155097339,45.4939474351841
1016241719.4236332,-4.485164242743761,1.821259050231781e-10,4.0847701756977365e-11,1.5042628871180836e-12,-1.7538902881726326e-12,37.89571131818812,71.33900777605054,1.1847362411605644e-10,-1.1396732923303995e-11,6.365228090712163e-11,5.224443468028133e-11,0.49031179263171915,0.4881456751369317,-3.1994396280091024,44.873158321420796,3.1994396280091024,0.4888084290740282,0.4901881950878501,-3.194667445304474,45.080750755430564
1017491709.2384224,-4.496204642853558,1.8286074349055783e-10,3.9137993498631935e-11,1.4706970173611574e-12,-1.7571617681923663e-12,38.12177936108427,72.15906843804609,1.1823018056605982e-10,-1.2310301434090724e-11,6.463056292449796e-11,5.1448294932722647e-11,0.49596455911697257,0.48679421684483476,-3.1609832108055302,44.465375763888574,3.1609832108055302,0.49445777759579307,0.4888580269343102,-3.156298725822752,44.67371763020588
1018741699.0532117,-4.507258614444588,1.835681282578073e-10,3.7416470606634573e-11,1.437497376038396e-12,-1.7599373159845362e-12,38.349452174781156,72.98037845864846,1.1797971039399103e-10,-1.3220753028421174e-11,6.558841786381627e-11,5.063722363505576e-11,0.5015354142776098,0.48540464534945765,-3.1233244203984873,44.06362834615697,3.1233244203984873,0.5000254430818664,0.4874896385130041,-3.1187254287741255,44.27270972264293
1019991688.8680009,-4.518326157516859,1.842480829627655e-10,3.5683765244157456e-11,1.4046652322768379e-12,-1.7622312964010406e-12,38.57874332949407,73.80294730238138,1.1772224797093452e-10,-1.4128033863416391e-11,6.652583499183097e-11,4.9811799107573855e-11,0.5070253697804908,0.48397878636764496,-3.086442271945487,43.66778158321499,3.086442271945487,0.5055124319718935,0.4860848531347814,-3.0819266364894133,43.87759285159448
1021241678.68279,-4.529407272070361,1.849006428640601e-10,3.3940496970908294e-11,1.3722015587506016e-12,-1.7640577490759051e-12,38.80966668177345,74.62678464902949,1.174578280778017e-10,-1.5032090450696766e-11,6.744281478625837e-11,4.8972587421605054e-11,0.5124354461689292,0.48251840108109945,-3.0503164247391386,43.27770493357752,3.0503164247391386,0.5109197596357501,0.48464542975585706,-3.0458820731609135,43.488236766570864
1022491668.4975793,-4.540501958105104,1.85525854093711e-10,3.218727279793233e-11,1.3401070519664752e-12,-1.7654303900659679e-12,39.04223648457839,75.45190023108603,1.1718648590179982e-10,-1.5932869659464323e-11,6.83393681919112e-11,4.812014245739667e-11,0.5177666700511177,0.48102518726069443,-3.014927175892574,42.89327166224811,3.014927175892574,0.5162484475675605,0.483173064093975,-3.010572098588971,43.10451501161568
1023741658.3123685,-4.551610215621079,1.861237729341633e-10,3.042468738246292e-11,1.3083821518796413e-12,-1.7663626173277375e-12,39.27646735338957,76.27830363843448,1.169082570328783e-10,-1.683031871955073e-11,6.921551590128499e-11,4.725500610201366e-11,0.5230200712601948,0.47950078138860375,-2.9802554473543297,42.51435877562543,2.9802554473543297,0.5214995205494569,0.48166939074169385,-2.975977695242949,42.72630486091233
1024991648.1271577,-4.5627320446182935,1.8669446521053183e-10,2.8653323323928253e-11,1.2770270583522995e-12,-1.766867518964876e-12,39.51237410425212,77.1060042008568,1.1662317746015272e-10,-1.7724385224430585e-11,7.00712877503791e-11,4.637770854835885e-11,0.5281966807365659,0.4779467615778536,-2.9462827616899236,42.14084697582675,2.9462827616899236,0.526674004535586,0.4801359860777228,-2.942080444094162,42.35348727358991
1026241637.941947,-4.573867445096742,1.8723800583533452e-10,2.687375146872854e-11,1.246041743433917e-12,-1.7669578817151725e-12,39.74997155348217,77.93501101775725,1.1633128356830672e-10,-1.8615017134199865e-11,7.090672226702781e-11,4.5488768602928397e-11,0.5332975295270447,0.4763646506157725,-2.9129912088261634,41.772620575930546,2.9129912088261634,0.5317729256517818,0.47857437130380354,-2.9088624914325765,41.985946809319564
1027491627.7567362,-4.5850164170564245,1.877544784673592e-10,2.508653113142409e-11,1.215425960513828e-12,-1.7666461971466096e-12,39.98927439347508,78.7653331222556,1.1603261213397223e-10,-1.950216277851939e-11,7.172186633338698e-11,4.4588693909943496e-11,0.5383236487095343,0.4747559183705975,-2.8803634114246144,41.409567344324124,2.8803634114246144,0.5367973101209521,0.4769860148465513,-2.8763065143360227,41.62357147302385
1028741617.5715253,-4.596178960497345,1.8824397519286423e-10,2.3292210193426558e-11,1.1851792528611905e-12,-1.7659446644965098e-12,40.23029721892864,79.59697968941006,1.1572720032208819e-10,-2.0385770859523237e-11,7.251677487077599e-11,4.36779810529498e-11,0.5432760695731299,0.47312198314953635,-2.848382497661477,41.05157829049796,2.848382497661477,0.5417481844451197,0.47537233371173415,-2.8443956935568995,41.26625250114999
1029991607.3863146,-4.607355075419495,1.887065961372645e-10,2.1491325115800055e-11,1.1553009640686504e-12,-1.7648651911566426e-12,40.473054693842826,80.42996017029265,1.1541508568223851e-10,-2.1265790454691858e-11,7.3291510455026e-11,4.2757115570491894e-11,0.5481558232870133,0.4714642121814629,-2.8170320863417015,40.698547441324735,2.8170320863417015,0.5466265750776571,0.4737346939628482,-2.8131136987343632,40.91388413856763
1031241597.2011038,-4.618544761822884,1.891424489687066e-10,1.9684400956167597e-11,1.1257902514571077e-12,-1.7634193932698281e-12,40.717561768666634,81.26428427256823,1.1509630614496906e-10,-2.214217101968964e-11,7.404614282373757e-11,4.182657197585723e-11,0.5529639396329538,0.46978392188214363,-2.786296282660661,40.350371665491096,2.786296282660661,0.551433507159734,0.4720744109808451,-2.782444684228821,40.56636346368489
1032491587.015893,-4.629748019707503,1.8955164833020526e-10,1.7871951479834065e-11,1.0966461014368262e-12,-1.76161859890678e-12,40.9638338254859,82.09996179384883,1.1477090001808445e-10,-2.301486239116721e-11,7.478074831212076e-11,4.088681387100126e-11,0.5577014449595437,0.4680823786659794,-2.7561596772879056,40.00695057962396,2.7561596772879056,0.5561700024777914,0.4703927502688226,-2.752373288249572,40.22359029519655
1033741576.8306823,-4.6409648490733595,1.899343152902186e-10,1.605447940218374e-11,1.0678673443625588e-12,-1.7594738548384233e-12,41.21188666675889,82.93700239871806,1.1443890598292487e-10,-2.3883814789527736e-11,7.549540930729371e-11,3.993829419171146e-11,0.5623693600063853,0.4663608007347814,-2.726607339956537,39.66818652655211,2.726607339956537,0.5608370772891994,0.4686909292330115,-2.722884626470276,39.885467170795785
1034991566.6454715,-4.652195249920454,1.9029057690160375e-10,1.4232476724386196e-11,1.0394526664185223e-12,-1.7569959358634966e-12,41.46173635034137,83.77541546535215,1.1410036309062296e-10,-2.4748978821657563e-11,7.619021381098081e-11,3.89814555460438e-11,0.5669686983616742,0.4646203606927557,-2.6976248022182863,39.33398457847455,2.6976248022182863,0.5654357407793823,0.46697011979057634,-2.693964274811797,39.55189935059313
1036241556.4602606,-4.663439222248776,1.9062056590592228e-10,1.240642507143573e-11,1.011400617520363e-12,-1.7541953541989769e-12,41.7133989618374,84.61521009148119,1.1375531075834186e-10,-2.5610305483620856e-11,7.686525514758043e-11,3.801673055505658e-11,0.5715004659908661,0.462862188341859,-2.6691980304824576,39.004252506794096,2.6691980304824576,0.5699669945889044,0.46523145115947917,-2.665598242528045,39.222794787071265
1037491546.2750499,-4.674696766058334,1.9092442054518023e-10,1.0576795941544527e-11,9.837096162728134e-13,-1.7510823664407333e-12,41.96689045400758,85.4563952606452,1.1340378876549364e-10,-2.646774616331813e-11,7.75206317796866e-11,3.704454210486267e-11,0.5759656616945494,0.46108737288759805,-2.6413133962406796,38.678900682110516,2.6413133962406796,0.5744318332700131,0.46347601206068295,-2.637772942501922,38.89806402519803
1038741536.0898391,-4.685967881349127,1.91202284390172e-10,8.744050828818594e-12,9.56377954471584e-13,-1.7476669770513031e-12,42.222226648336736,86.29898007769742,1.1304583724993954e-10,-2.7321252643108616e-11,7.815644714023244e-11,3.606530347192719e-11,0.5803652778535133,0.45929696410363596,-2.613957652228687,38.35784190993876,2.613957652228687,0.5788312450317393,0.46170485188025984,-2.610475167493105,38.57762003838112
1039991525.9046283,-4.697252568121155,1.9145430609455645e-10,6.90864125590496e-12,9.294038036390252e-13,-1.7439589393799422e-12,42.47942340358032,87.14297394003437,1.1268149670417192e-10,-2.817077710239603e-11,7.877280939038453e-11,3.5079418358300956e-11,0.5847003006858086,0.45749197258147695,-2.5871179201668957,38.04099124630176,2.5871179201668957,0.5831662119985846,0.45991898091631933,-2.583692077960515,38.26137804445367
1041241515.7194176,-4.708550826374412,1.9168063903654842e-10,5.071008806150341e-12,9.027852246378717e-13,-1.7399677566680084e-12,42.73849686036271,87.9883865439883,1.123108079714779e-10,-2.9016272120178467e-11,7.936983106507052e-11,3.4087280926328796e-11,0.5889717095510877,0.4556733696969452,-2.5607816894318614,37.72826585068609,2.5607816894318614,0.5874377095173077,0.45811937034134886,-2.5574112007938066,37.949255359121416
1042491505.5342067,-4.719862656108907,1.9188144088466578e-10,3.2315852449018965e-12,8.765201793647158e-13,-1.7357026854952443e-12,42.999463624541484,88.83522771752868,1.1193381224208566e-10,-2.985769067756099e-11,7.994762864258012e-11,3.308927592246287e-11,0.5931804754134171,0.45384208806769305,-2.5349368201066653,37.41958491453594,2.5349368201066653,0.5916467046216446,0.45630695265396753,-2.531620432395429,37.64117132492474
1043741495.3489959,-4.7311880573246325,1.9205687317667575e-10,1.3907927670055015e-12,8.506065420809689e-13,-1.7311727426821653e-12,43.2623407832058,89.68350716994227,1.1155055104929361e-10,-3.069498616023203e-11,8.050632212738209e-11,3.2085778927237525e-11,0.5973275590841642,0.45199902297363337,-2.509571541673238,37.11486966255925,2.509571541673238,0.595794154275447,0.4544826230927665,-2.506308037384652,37.33704731287128
1044991485.1637852,-4.742527030021593,1.922071010009526e-10,-4.5095566677335156e-13,8.250421079371345e-13,-1.7263867146272775e-12,43.52714574025138,90.53323429951934,1.1116106626558214e-10,-3.152811236090284e-11,8.104603473537047e-11,3.107715669412946e-11,0.6014139100182304,0.4501450346386896,-2.484674441361572,36.81404338483444,2.484674441361572,0.5998810041672564,0.4526472419119966,-2.481462636957026,37.03680675468103
1046241474.9785744,-4.753879574199783,1.9233229281699616e-10,-2.29325599421123e-12,7.998245976836316e-13,-1.7213531666187336e-12,43.793895961804644,91.38441817104969,1.1076540009870947e-10,-3.235702348171e-11,8.15668927182867e-11,3.006376748749876e-11,0.6054404661425842,0.44828095075720603,-2.4602344422846616,36.51703144223836,2.4602344422846616,0.6039081885360655,0.4508016369035981,-2.4570731870464035,36.74037514821588
1047491464.7933636,-4.765245689859212,1.92432620377683e-10,-4.135712806800594e-12,7.749516595934847e-13,-1.7160804496593243e-12,44.062608776238214,92.23706768056338,1.1036359508779057e-10,-3.3181674136580986e-11,8.206902528989247e-11,2.904596132978039e-11,0.6094081546249399,0.4464075684878689,-2.4362407774934596,36.22376120471508,2.4362407774934596,0.607876630937486,0.44894660538869474,-2.43312895243172,36.44767999573381
1048741454.6081529,-4.776625376999872,1.9250825866341008e-10,-5.9779392330774456e-12,7.504208710583402e-13,-1.7105767037789933e-12,44.33330134635579,93.09119181758696,1.0995569409936087e-10,-3.400201935356256e-11,8.255256456404918e-11,2.802408012048515e-11,0.6133178929707287,0.44452565542438965,-2.412682968589669,35.93416192163378,2.412682968589669,0.6117872453396541,0.44708291518702575,-2.4096194854194684,36.158650674338375
1049991444.422942,-4.788018635621763,1.9255938573824803e-10,-7.819556913503242e-12,7.26229742320229e-13,-1.7048498588375444e-12,44.60599083573767,93.94679987648927,1.0954174032342401e-10,-3.4818014577111996e-11,8.301764541482404e-11,2.6998457663608785e-11,0.6171705896670677,0.44263594962105274,-2.3895508151336435,35.648164563391205,2.3895508151336435,0.6156409367678766,0.44521130464104214,-2.3865346153213323,35.87321827783558
1051241434.2377312,-4.799425465724886,1.9258618249048304e-10,-9.660195977962988e-12,7.023757233698668e-13,-1.698907635254152e-12,44.88069468021058,94.80390149346371,1.0912177726948454e-10,-3.562961567035106e-11,8.346440522099851e-11,2.5969419692388083e-11,0.6209671438707595,0.44073915927566365,-2.3668343951576403,35.365701690933136,2.3668343951576403,0.6194386009942998,0.44333248229600625,-2.363864449018665,35.59131548663077
1052491424.0525205,-4.810845867309246,1.9258883229378485e-10,-1.1499494936863464e-11,6.788562130186643e-13,-1.692757547102384e-12,45.15743081236969,95.66250648242001,1.0869584876256576e-10,-3.64367789172824e-11,8.389298353121909e-11,2.4937283980418928e-11,0.6247084442037071,0.43883596285101506,-2.3445240710079975,35.08670739517743,2.3445240710079975,0.6231811233345992,0.441447127016903,-2.341599376828473,35.3128765075344
1053741413.8673097,-4.822279840374838,1.9256752067745565e-10,-1.333710044891396e-11,6.556685677211088e-13,-1.6864069085821995e-12,45.436217709724474,96.52262455797572,1.0826399893921333e-10,-3.723946102496884e-11,8.430352173824235e-11,2.3902360576054865e-11,0.6283953672480911,0.4369270101460087,-2.322610491938563,34.811117309860414,2.322610491938563,0.6268693771428503,0.43955588905405196,-2.31973007509891,35.037837086874234
1054991403.6820989,-4.833727384921661,1.9252243509428798e-10,-1.517266700232537e-11,6.328101077221024e-13,-1.6798628428623981e-12,45.717074234827514,97.38426510122392,1.0782627224348437e-10,-3.803761912567462e-11,8.469616285080361e-11,2.2864952123349223e-11,0.6320287765212893,0.4350129242640726,-2.3010845869354672,34.53886866095451,2.3010845869354672,0.6305042227842316,0.43765939200644255,-2.2982474990316444,34.76613455999993
1056241393.4968882,-4.8451885009497175,1.924537648225852e-10,-1.7005856598228325e-11,6.102781195278074e-13,-1.6731322908606812e-12,46.000019354570725,98.24743710377815,1.0738271342292301e-10,-3.883121077896944e-11,8.507105139966223e-11,2.182535418074109e-11,0.6356095224488943,0.4330943038932968,-2.279937546988204,34.26990029638785,2.279937546988204,0.634086507604668,0.43575823509843165,-2.2771428649649925,34.49770788094411
1057491383.3116773,-4.856663188459009,1.9236170096541156e-10,-1.8836338525156736e-11,5.880698557118854e-13,-1.6662220175271606e-12,46.285071897884116,99.1121493268328,1.0693336752452255e-10,-3.962019397379456e-11,8.542833344088901e-11,2.078385544863784e-11,0.6391384432936118,0.43117172511626367,-2.2591608021738177,34.004152652257474,2.2591608021738177,0.6376170668565964,0.43385299498813007,-2.2564076274947684,34.23249758854346
1058741373.1264666,-4.868151447449532,1.9224643645819022e-10,-2.0663789261561078e-11,5.661825344921648e-13,-1.659138614618568e-12,46.572250493507234,99.97841058922452,1.0647827989067444e-10,-4.0404527130491134e-11,8.576815656751575e-11,1.974073786893006e-11,0.6426163664604413,0.42924574222091233,-2.238746002004774,33.74156764890566,2.238746002004774,0.6410967250024973,0.4319442265780703,-2.236033459879042,33.97044570251466
1059991362.9412558,-4.879653277921289,1.9210816599571904e-10,-2.2487892469970057e-11,5.44613341514221e-13,-1.6518885009598971e-12,46.861573729852765,100.846230021752,1.0601749615510459e-10,-4.1184169102790726e-11,8.609066984061447e-11,1.8696276632820656e-11,0.6460441093932782,0.42731688754143415,-2.218685005770648,33.48208855098125,2.218685005770648,0.6445262966117,0.4300324628557592,-2.216012244440562,33.71149558367813
1061241352.756045,-4.891168679874275,1.919470858414308e-10,-2.4308338994560175e-11,5.233594348603087e-13,-1.6444779226109345e-12,47.153060452287875,101.71561713982432,1.0555106223879734e-10,-4.19590791797679e-11,8.639602360263346e-11,1.7650740185207732e-11,0.6494224795230403,0.42538567089978885,-2.1989698840699585,33.22565984684053,2.1989698840699585,0.6479065863098514,0.42811821433344166,-2.1963360741440345,33.45559181365856
1062491342.5708343,-4.902697653308497,1.9176339355490308e-10,-2.6124826773810257e-11,5.024179522972133e-13,-1.636912955357468e-12,47.44673003163965,102.58658168695145,1.0507902434590738e-10,-4.272921708775481e-11,8.668436920899576e-11,1.660439031394455e-11,0.6527522732820354,0.4234525794326251,-2.1795929265297027,32.97222719238728,2.1795929265297027,0.6512383877943556,0.4262019688714776,-2.1769972603348107,33.20268013905734
1063741332.3856235,-4.914240198223953,1.9155728772536975e-10,-2.793706063152631e-11,4.817860183589708e-13,-1.6291995105330106e-12,47.74260244964719,103.4591333322425,1.0460142895965992e-10,-4.3494542992217673e-11,8.695585876570983e-11,1.5557482360691337e-11,0.6560342747449001,0.4215180783520253,-2.160546647361969,32.72173742862737,2.160546647361969,0.6545224824748636,0.42428419243445303,-2.1579883382915543,32.95270748924443
1064991322.2004126,-4.9257963146206425,1.9132896779907573e-10,-2.974475198250799e-11,4.614607488578133e-13,-1.621343343177326e-12,48.040698148226895,104.33328139149229,1.0411832283823993e-10,-4.4255017499595276e-11,8.721064496083583e-11,1.451026551708729e-11,0.6592692546795325,0.41958261263722857,-2.1418237817985863,32.47413864120561,2.1418237817985863,0.6577596385218224,0.42236533077858973,-2.139302063649557,32.70562203596259
1066241312.0152019,-4.937366002498564,1.9107863403684045e-10,-3.1547618540732346e-11,4.414392518271e-13,-1.6133500601242075e-12,48.34103772402904,105.20903473256865,1.0362975301066977e-10,-4.501060165909927e-11,8.744888102617065e-11,1.3462983118366928e-11,0.6624579705637147,0.4176466091051034,-2.123417271772671,32.229380207274446,2.123417271772671,0.6609506108794915,0.4204458115194985,-2.1209313980829436,32.46137324010998
1067491301.8299911,-4.948949261857718,1.9080648756538113e-10,-3.3345384118011665e-11,4.2171862589479143e-13,-1.6052251256087478e-12,48.64364164119316,106.08640192406571,1.0313576677267687e-10,-4.576125696447605e-11,8.767072079270424e-11,1.2415872846464408e-11,0.6656011675753593,0.41571047807533457,-2.105320245447363,31.987412783153268,2.105320245447363,0.6640961422527673,0.4185260457966683,-2.102869488858068,32.219911839261655
1068741291.6447803,-4.960546092698107,1.9051273043446538e-10,-3.513777854970677e-11,4.022959584965346e-13,-1.5969738633918764e-12,48.94853012952999,106.96539154760882,1.0263641168255077e-10,-4.650694535573081e-11,8.787631875191461e-11,1.1369166806024039e-11,0.6686995800112654,0.41377461406543065,-2.0875259987900887,31.74818822068918,2.0875259987900887,0.6671969645240101,0.4166064289690998,-2.0851096504545095,31.981189763968093
1069991281.4595696,-4.972156495019734,1.9019756559187715e-10,-3.6924537711418e-11,3.831683263397197e-13,-1.588601456390529e-12,49.255723333114354,107.84601249764839,1.0213173555699035e-10,-4.7247629220812756e-11,8.80658300348868e-11,1.0323091509394756e-11,0.6717539323488407,0.41183939549489834,-2.0700279863222835,31.51165944140222,2.0700279863222835,0.6702537998147672,0.4146873403200199,-2.067645355368774,31.74516001199688
1071241271.2743587,-4.983780468822587,1.8986119673943696e-10,-3.870540353919071e-11,3.643327991256317e-13,-1.5801129462096705e-12,49.56524163171996,108.7282740949184,1.016217864669417e-10,-4.798327139726252e-11,8.823941027249526e-11,9.277867858071798e-12,0.6747649393757059,0.40990518393459313,-2.0528198230595147,31.27778032201782,2.0528198230595147,0.6732673606166487,0.4127691423053663,-2.050470236096184,31.511776534110794
1072491261.0891479,-4.9954180141066775,1.8950382810580811e-10,-4.048012396566522e-11,3.4578644555078865e-13,-1.5715132349752972e-12,49.87710595575209,109.61218594237052,1.0110661273342636e-10,-4.87138351738207e-11,8.839721537238175e-11,8.233711208155478e-12,0.6777333053527163,0.40797232368639486,-2.0358952934090597,31.04650563898785,2.0358952934090597,0.6762383489554615,0.41085218013071884,-2.033578094045319,31.280994178888506
1073741250.9039372,-5.007069130872004,1.8912566422309697e-10,-4.224845273571572e-11,3.2752633920374273e-13,-1.5628070904671928e-12,50.191337914179584,110.49775759892665,1.0058626292336118e-10,-4.943928429199836e-11,8.853940129973574e-11,7.1908315562826694e-12,0.68065972273606,0.40604114227667487,-2.0192483589609127,30.81779108657329,2.0192483589609127,0.6791674551129516,0.4089367822408156,-2.0169629073216093,31.052768711033213
1074991240.7187264,-5.018733819118558,1.88726909794371e-10,-4.401014913742651e-11,3.095495619704365e-13,-1.5539991535692817e-12,50.507959657891206,111.38499825349705,1.0006078584536955e-10,-5.015958294760895e-11,8.866612394900147e-11,6.149433810182432e-12,0.6835448712418918,0.40411195191031973,-2.002873157861577,30.59159334182871,2.002873157861577,0.682055356689115,0.40702326176981857,-2.000618830083731,30.827056876421533
1076241230.5335157,-5.03041207884635,1.8830776968823678e-10,-4.576497773540014e-11,2.9185320395794507e-13,-1.54509394565422e-12,50.82699355140458,112.27391658651389,9.953023054558422e-11,-5.0874695792261516e-11,8.877753914265258e-11,5.1097180568613746e-12,0.6863894178441462,0.40218505136865423,-1.98676399335869,30.36787012382143,1.98676399335869,0.6849027185963815,0.4051119184370244,-1.9845401810801704,30.60381646122766
1077491220.3483047,-5.042103910055379,1.8786844902449015e-10,-4.751270819349802e-11,2.744343609225625e-13,-1.5360958735158933e-12,51.148461838402724,113.16452090312671,9.899464630344275e-11,-5.15845879348159e-11,8.887380272104739e-11,4.071879741317876e-12,0.6891940177634821,0.40026072756834824,-1.970915315355738,30.14658019836913,1.970915315355738,0.6877101940450386,0.40320304010559965,-1.9687214252189866,30.38300629649634
1078741210.163094,-5.053809312745638,1.8740915326383168e-10,-4.9253115223245e-11,2.5729013158597844e-13,-1.5270092308571986e-12,51.472386495171804,114.05681946773512,9.845408262747542e-11,-5.2289224942798993e-11,8.895507063635628e-11,3.0361097195539684e-12,0.6919593159388056,0.39833925618234295,-1.9553217028668133,29.927683311164472,1.9553217028668133,0.690478426012708,0.4012969034047441,-1.9531571560610241,30.164586191161824
1079991199.9778833,-5.065528286917135,1.8693008821453182e-10,-5.0985978622158186e-11,2.4041761722624656e-13,-1.5178381973122294e-12,51.798789362849014,114.95082085144044,9.790858925108562e-11,-5.29885728437825e-11,8.902149896344616e-11,2.0025942216243202e-12,0.6946859481981317,0.39642090125246876,-1.9399778548161288,29.711140073370473,1.9399778548161288,0.6932080484151545,0.39939377334352494,-1.937842086668167,29.948516817688922
1081241189.7926724,-5.077260832569863,1.8643145991968574e-10,-5.271108331534677e-11,2.2381392453974407e-13,-1.5085868373768926e-12,52.12769249095166,115.84653409144335,9.735821612832435e-11,-5.368259812672251e-11,8.907324379136139e-11,9.715148113757193e-13,0.6973745415206395,0.39450591429295356,-1.9248785919504072,29.496911851175874,1.9248785919504072,0.695899686369666,0.39749390241421156,-1.9227710515553,29.734759601832046
1082491179.6074617,-5.089006949703831,1.8591347446050203e-10,-5.4428219313609256e-11,2.0747617080307553e-13,-1.4992591016252709e-12,52.459118500913235,116.74396856453113,9.68030134296574e-11,-5.4371267743260034e-11,8.911046103084461e-11,-5.695157034924256e-14,0.7000257133062273,0.39259453366714003,-1.9100188663911224,29.284960708861373,1.9100188663911224,0.6985539554658952,0.3955975299668748,-1.9079390162586263,29.523276665977992
1083741169.422251,-5.100766638319033,1.8537633776187182e-10,-5.6137181551875105e-11,1.914014889720701e-13,-1.4898588312021992e-12,52.793090761685434,117.6431336391899,9.624303153772734e-11,-5.505454910898316e-11,8.913330622414447e-11,-1.0826324428919015e-12,0.7026400701413235,0.3906869848535827,-1.8953937710989353,29.075249424816285,1.8953937710989353,0.7011714605315212,0.39370488247203556,-1.8933410867911817,29.31403084538549
1084991159.23704,-5.112539898415466,1.8482025548659348e-10,-5.7837769643466276e-11,1.7558703035147424e-13,-1.4803897646201598e-12,53.12963327241241,118.54403830038335,9.567832104310922e-11,-5.5732410104650826e-11,8.914193444348428e-11,-2.1053595388154466e-12,0.7052182068411934,0.38878348169763827,-1.8809985416674184,28.86774155884086,1.8809985416674184,0.7037527946724195,0.3918161747688808,-1.8789725114151286,29.10698575555838
1086241149.0518293,-5.124326729993141,1.842454330541332e-10,-5.952978763632818e-11,1.60029963852346e-13,-1.4708555445002527e-12,53.468770313522825,119.4466909619761,9.510893274006126e-11,-5.640481907737746e-11,8.913650031407196e-11,-3.1249685589507317e-12,0.7077607063918716,0.38688422816945967,-1.8668285473157074,28.662401520360756,1.8668285473157074,0.7062985392110486,0.38993161182137254,-1.8648286716196836,28.902105860366788
1087491138.8666186,-5.136127133052051,1.8365207574834844e-10,-6.121304385750201e-11,1.447274728117572e-13,-1.4612597218936492e-12,53.810526062955134,120.3510995791241,9.453491762227051e-11,-5.7071744841779796e-11,8.911715812607794e-11,-4.141299015722214e-12,0.7102681408992846,0.3849894198495937,-1.8528792741688829,28.459194587164074,1.8528792741688829,0.7088092646320516,0.3880513902040223,-1.8509050654086756,28.699356490604988
1088741128.6814077,-5.147941107592194,1.830403888280491e-10,-6.288735088172741e-11,1.296767517343665e-13,-1.451605757200258e-12,54.15492439960101,121.25727200268047,9.39563268785938e-11,-5.77331566810844e-11,8.908406194945533e-11,-5.154194200643021e-12,0.7127410730753753,0.38309924451146826,-1.83914630836129,28.258086852890877,1.83914630836129,0.7112855320662944,0.3861756986860447,-1.8371972904354363,28.49870379134303
1089991118.496197,-5.15976865361358,1.8241057755415394e-10,-6.455252558877174e-11,1.1487500531869084e-13,-1.441897018654569e-12,54.501989013813024,122.16521637632475,9.337321188879446e-11,-5.8389024348197e-11,8.903736566535948e-11,-6.163501240574772e-12,0.7151800574831504,0.38121388168104264,-1.8256253266466227,28.05904512243027,1.8256253266466227,0.7137278945358719,0.3843047177927382,-1.8237010346573725,28.300114617328816
1091241108.3109863,-5.1716097711162,1.8176284709746808e-10,-6.620838922363995e-11,1.0031945075364602e-13,-1.4321367807305586e-12,54.851743770627465,123.07494134715648,9.278562421927522e-11,-5.903931806673329e-11,8.897722287819283e-11,-7.1690711569066695e-12,0.7175856409016445,0.3793335016341296,-1.8123120979745222,27.86203680430682,1.8123120979745222,0.7161368973205102,0.38243861880317215,-1.8104120779508852,28.10355642554315
1092491098.1257753,-5.183464460100052,1.8109740236224182e-10,-6.785476737369277e-11,8.600732232213874e-14,-1.4223282248210172e-12,55.20421312393848,123.98645596219018,9.21936156188073e-11,-5.968400853201096e-11,8.890378674343451e-11,-8.17075884168182e-12,0.7199583616780934,0.3774582646079364,-1.799202493307598,27.66702985106985,1.799202493307598,0.718513077311248,0.3805775629600919,-1.797326301944757,27.90899721584745
1093741087.9405646,-5.195332720565144,1.8041444781100033e-10,-6.949148982684958e-11,7.19358759695684e-14,-1.412474443172787e-12,55.559422345126634,124.89976930128383,9.159723801425634e-11,-6.032306691200327e-11,8.881720979674399e-11,-9.168422914846328e-12,0.7222987485172251,0.3755883208733865,-1.7862924963288738,27.473992771591764,1.7862924963288738,0.720856961799849,0.3787217015391578,-1.7844397007185062,27.716405543505857
1094991077.755354,-5.207214552511477,1.7971418737626547e-10,-7.111839034601241e-11,5.810239149150863e-14,-1.4025784451152596e-12,55.917397430665865,125.8148900506319,9.099654350630563e-11,-6.095646484825419e-11,8.871764386995986e-11,-1.0161925497758263e-11,0.7246073194816995,0.3737238118133475,-1.7735782072547495,27.282894698515303,1.7735782072547495,0.7231690674773386,0.3768711769240481,-1.7717483845914037,27.525750586714945
1096241067.570143,-5.219109955939047,1.7899682449476573e-10,-7.273530644505888e-11,4.450417136535913e-14,-1.3926431632438892e-12,56.278164735212,126.73182626061792,9.039158436517658e-11,-6.158417445675509e-11,8.860524012958912e-11,-1.1151131988303828e-11,0.7268845818569157,0.37186487156704323,-1.7610558359627433,27.093705463029586,1.7610558359627433,0.7254499002954093,0.37502612424916915,-1.7592485732303829,27.337002221294505
1097491057.3849323,-5.231018930847856,1.7826256222893597e-10,-7.434207925187738e-11,3.1138537190299054e-14,-1.3826714572169883e-12,56.64175053655751,127.6505854316128,8.978241302634697e-11,-6.220616832878273e-11,8.848014920258901e-11,-1.2135910923094633e-11,0.7291310330369388,0.3700116284688376,-1.748721686785153,26.906395625360368,1.748721686785153,0.72769995634886,0.37318667283882523,-1.7469365804443169,27.15013105099216
1098741047.1997216,-5.242941477237901,1.7751160339042017e-10,-7.593855349400503e-11,1.8002826072182327e-14,-1.3726661141915642e-12,57.00818078360719,128.57117488546945,8.916908208626762e-11,-6.282241953169905e-11,8.834252130415254e-11,-1.3116133962305979e-11,0.7313471620014023,0.3681642056212144,-1.736572142109996,26.72093643494011,1.736572142109996,0.7299197233504047,0.3713529467821559,-1.7348087978106013,26.965108367491165
1099991037.0145106,-5.254877595109186,1.767441505801635e-10,-7.752457757179293e-11,5.0943892934114e-15,-1.3626298468591602e-12,57.37748117927378,129.49360221418866,8.85516442980771e-11,-6.343290160971237e-11,8.819250628208637e-11,-1.409167596208057e-11,0.733533450613257,0.3663227204331808,-1.7246036526448796,26.53729973456748,1.7246036526448796,0.7321096819284046,0.3695250644736568,-1.7228616849800005,26.781906054540915
1101241026.8293,-5.2668272844617094,1.7596040610948854e-10,-7.910000363404176e-11,-7.589405756647963e-15,-1.3525652914119502e-12,57.74967756052239,130.41787554718886,8.793015256731585e-11,-6.403758858460047e-11,8.803025354217268e-11,-1.506241504944126e-11,0.7356903740696881,0.3644872835441571,-1.7128127384385765,26.355457854980866,1.7128127384385765,0.7342703060793547,0.36770313753785533,-1.7110917707358,26.60049648266804
1102491016.6440892,-5.278790545295479,1.7516057183702455e-10,-8.066468757092392e-11,-2.0051171346029514e-14,-1.3424750077728885e-12,58.12479636502746,131.3440034767653,8.730465994763877e-11,-6.463645495639499e-11,8.785591188938576e-11,-1.60282326145289e-11,0.7378184003247598,0.3626579979012697,-1.7011959986674883,26.175383551887375,1.7011959986674883,0.7364020625922679,0.3658872699053473,-1.6994956627977111,26.420852446448443
1103741006.4588783,-5.290767377610478,1.743448490062334e-10,-8.221848888869479e-11,-3.229349518096446e-14,-1.3323614830624453e-12,58.50286491840462,132.2719946748031,8.667521963652814e-11,-6.522947570402791e-11,8.766962936970528e-11,-1.6989013184666866e-11,0.7399179888930144,0.3608349586647322,-1.6897501232505505,25.99705001345281,1.6897501232505505,0.7385054098526885,0.3640775577153598,-1.6880700594283806,26.24294717222352
1104990996.2736676,-5.302757781406724,1.7351343816840651e-10,-8.376127050100784e-11,-4.431893852840975e-14,-1.3222271373480899e-12,58.88391137289675,133.2018574131625,8.604188497100562e-11,-6.581662628593942e-11,8.747155319740091e-11,-1.7944644215068427e-11,0.7419895897989016,0.35901825413509814,-1.6784718983692402,25.820430926306287,1.6784718983692402,0.7405807967904744,0.3622740902400261,-1.676811754928154,26.066754384201456
1106240986.0884569,-5.314761756684209,1.7266653922644127e-10,-8.529289852140712e-11,-5.6130037647626495e-14,-1.3120743293595063e-12,59.26796432563381,134.13359926129263,8.540470942334498e-11,-6.639788264064796e-11,8.726182980309631e-11,-1.8895015880759126e-11,0.744033643352976,0.35720796730380877,-1.6673582014956883,25.645500555022544,1.6673582014956883,0.7426286626527531,0.3604769514333111,-1.6657176346393876,25.892248383866608
1107490975.903246,-5.326779303442938,1.7180435156455426e-10,-8.681324214169898e-11,-6.772930757620469e-14,-1.3019053598489346e-12,59.65505233064055,135.06722713910233,8.476374659678515e-11,-6.697322118728185e-11,8.704060496776914e-11,-1.984002095441715e-11,0.7460505809603509,0.355404177265132,-1.6564059875553365,25.472233782654698,1.6564059875553365,0.7446494378089382,0.35868622134343425,-1.6547846611041637,25.71940409032538
1108740965.7180352,-5.338810421682908,1.7092707417944794e-10,-8.832217363145186e-11,-7.911924595595613e-14,-1.2917224716309684e-12,60.04520358571138,136.00274770214776,8.411905022124413e-11,-6.754261882607282e-11,8.680802395820382e-11,-2.0779554805379078e-11,0.7480408265730231,0.3536069598022041,-1.6456122729369804,25.30060608236939,1.6456122729369804,0.7466435452009472,0.3569019767010548,-1.644009858094805,25.54819701176069
1109990955.5328245,-5.350855111404118,1.7003490572831957e-10,-8.981956842387536e-11,-9.03023345805594e-14,-1.2815278472537622e-12,60.43844598129176,136.94016784334536,8.347067414903427e-11,-6.810605293881165e-11,8.656423157928534e-11,-2.171351548506371e-11,0.750004798026743,0.351816386929806,-1.6349741253155412,25.13059342973669,1.6349741253155412,0.7486114016800789,0.355124290464457,-1.6333903004744337,25.3786031576633
1111240945.3476136,-5.362913372606572,1.6912804445844815e-10,-9.130530520380255e-11,-1.0128103769879048e-13,-1.271323606610574e-12,60.834807493848906,137.8794950224858,8.281867235057889e-11,-6.866350138926578e-11,8.630937210786926e-11,-2.264180381453674e-11,0.7519429075684341,0.3500325257717604,-1.6244886639638247,24.962172199218138,1.6244886639638247,0.7505534185361123,0.35335323069806984,-1.6229231145460266,25.210598935429427
1112490935.1624029,-5.374985205290272,1.6820668805293238e-10,-9.277926591336623e-11,-1.1205779802052401e-13,-1.2611118068041976e-12,61.23431670646645,138.82073722709333,8.216309891013086e-11,-6.921494252355896e-11,8.60435891428015e-11,-2.3564323389807234e-11,0.7538555613444146,0.34825543752931115,-1.6141530692795447,24.79531909751819,1.6141530692795447,0.7524700009874982,0.3515888595398924,-1.6126054875983222,25.044161083940484
1113740924.9771922,-5.38707060945521,1.6727103347657724e-10,-9.42413356401921e-11,-1.2263503272673038e-13,-1.250894445228028e-12,61.63700316029005,139.76390257648552,8.150400802149363e-11,-6.976035517051308e-11,8.576702545508359e-11,-2.4480980469679048e-11,0.7557431582162027,0.34648517724087013,-1.6039645950370331,24.630011165553757,1.6039645950370331,0.7543615469978675,0.34983123295862417,-1.6024346801505138,24.879266675762196
1114990914.7919812,-5.399169585101392,1.663212769060602e-10,-9.56914024226113e-11,-1.3301513178839877e-13,-1.2406734649185093e-12,62.0428973308601,140.7089987876263,8.084145398374436e-11,-7.029971864195211e-11,8.547982292231587e-11,-2.5391683780659217e-11,0.7576060886566467,0.34472179457505236,-1.5939205753616115,24.466225841811728,1.5939205753616115,0.7562284461707721,0.3480804015437937,-1.5924080329009913,24.715893180613904
1116240904.6067705,-5.411282132228822,1.6535761377939227e-10,-9.7129357055704e-11,-1.4320045955367096e-13,-1.230450759882782e-12,62.45203023527464,141.65603280682924,8.017549119696026e-11,-7.083301273296846e-11,8.518212258243196e-11,-2.6296344322735523e-11,0.7594447344325088,0.3429653353012541,-1.5840184214756157,24.303941045047207,1.5840184214756157,0.7580710794291939,0.34633641197471843,-1.5825229634465157,24.554018548008873
1117490894.4215598,-5.4234082508374915,1.6438023893016902e-10,-9.855509298212112e-11,-1.5319335865785553e-13,-1.2202281781016721e-12,62.864432889957655,142.60501082298728,7.95061741579482e-11,-7.136021772215181e-11,8.487406477222085e-11,-2.719487525996931e-11,0.7612594693270788,0.3412158426887245,-1.57425560913279,24.143135223469912,1.57425560913279,0.7598898197347669,0.34459930842008124,-1.5727769537068919,24.393621256256925
1118740884.2363489,-5.435547940927413,1.6338934672291195e-10,-9.996850630262185e-11,-1.629961539631736e-13,-1.2100075212507901e-12,63.28013593081057,143.5559386625486,7.88335574559775e-11,-7.188131437177993e-11,8.455578926693445e-11,-2.808719193084195e-11,0.763050660557779,0.3394733581222764,-1.5646296629945522,23.98378733690001,1.5646296629945522,0.7616850335032557,0.3428691331558908,-1.563167534316976,24.234680294425342
1119990874.0511382,-5.447701202498578,1.6238513110566597e-10,-1.013694958719015e-10,-1.7261115423146062e-13,-1.1997905420829233e-12,63.69916962134634,144.5088223454332,7.81576957685171e-11,-7.239628392797257e-11,8.422743533714884e-11,-2.8973211943928933e-11,0.7648186701431169,0.3377379206693491,-1.5551381459651399,23.825876776790423,1.5551381459651399,0.7634570819715126,0.3411459261351686,-1.5536922739968184,24.07717508227653
1121240863.8659275,-5.459868035550989,1.6136778554492326e-10,-1.027579633961955e-10,-1.8204065057278216e-13,-1.189578941759718e-12,64.1215642554398,145.4636684823564,7.747864385697647e-11,-7.290510812080751e-11,8.388914168794679e-11,-2.985285527538796e-11,0.7665638555011718,0.33600956593258535,-1.5457786586914564,23.669383264583296,1.5457786586914564,0.7652063217977386,0.33942972384192877,-1.544348779088566,23.921085368708024
1122490853.6807165,-5.472048440084648,1.6033750287715303e-10,-1.0413381344901343e-10,-1.9128691260911975e-13,-1.1793743694243297e-12,64.54735073302719,146.4204842778309,7.67964565624513e-11,-7.340776916439962e-11,8.354104631470173e-11,-3.07260442846138e-11,0.7682865690022461,0.3342883249298738,-1.536548848656504,23.514286781315356,1.536548848656504,0.7669331046163123,0.33772055817051894,-1.5351347026705113,23.766391161571732
1123740843.4955058,-5.4842424160995495,1.592944751601996e-10,-1.0549695337014655e-10,-2.0035218463422628e-13,-1.1691784249699866e-12,64.97656098142829,147.37927712553468,7.611118880147402e-11,-7.390424975694236e-11,8.318328635872556e-11,-3.15927036132042e-11,0.7699871567984942,0.3325742237254272,-1.5274464228494313,23.360567563636824,1.5274464228494313,0.7686377758683935,0.3360184560542266,-1.5260477572220765,23.613072723925043
1124990833.310295,-5.496449963595705,1.5823889360794667e-10,-1.0684729308215125e-10,-2.0923868405447587e-13,-1.1589926640674645e-12,65.4092279762314,148.3400540184134,7.54228955617695e-11,-7.439453308071238e-11,8.281599804617716e-11,-3.245276000143889e-11,0.7716659576682467,0.3308672841011995,-1.5184691559868941,23.20820616361838,1.5184691559868941,0.7703206736451194,0.3343234401338237,-1.517085722819698,23.46111063396542
1126240823.1250842,-5.508671082573104,1.571709486429652e-10,-1.081847449073827e-10,-2.179486030618549e-13,-1.148818603175478e-12,65.84538534148491,149.30282110866204,7.47316318980161e-11,-7.487860280203722e-11,8.243931674494912e-11,-3.330614210534547e-11,0.7733233026038158,0.3291675249572373,-1.5096148888308205,23.057183533466162,1.5096148888308205,0.7719821282724916,0.33263553015624536,-1.508246445425491,23.310485869703935
1127490812.9398735,-5.520905773031757,1.5609083003296038e-10,-1.0950922346878838e-10,-2.2648411260250462e-13,-1.138657722254309e-12,66.28506675209722,150.26758367418554,7.403745292761284e-11,-7.535644307122548e-11,8.205337710534752e-11,-3.4152780397562895e-11,0.7749595154436595,0.32747496370758056,-1.5008815168262433,22.90748108222144,1.5008815168262433,0.7736224629401833,0.3309547443709564,-1.4995278255112374,23.161179865487423
1128740802.7546628,-5.533154034971657,1.549987270280668e-10,-1.1082064570910003e-10,-2.3484736636825217e-13,-1.1285114642337032e-12,66.72830548143351,151.23434651901218,7.334041382645251e-11,-7.582803852246093e-11,8.165831320161424e-11,-3.49926071866391e-11,0.7765749142486125,0.3257896169378243,-1.4922669748274862,22.759080667683776,1.4922669748274862,0.775241995075613,0.32928110018981366,-1.4909278027959245,23.013174503715966
1129990792.5694518,-5.545415868392807,1.5389482841590974e-10,-1.1211893099430664e-10,-2.430405025348689e-13,-1.1183812321697009e-12,67.17513436146615,152.2031145844003,7.264056982470129e-11,-7.629337427365916e-11,8.125425859120841e-11,-3.582555672064746e-11,0.7781698126930205,0.3241115000119179,-1.4837692259279678,22.611964523908494,1.4837692259279678,0.7768410377350511,0.3276146137966533,-1.4824443451079092,22.866452042232712
1131240782.384241,-5.55769127329521,1.5277932245981515e-10,-1.1340400121863551e-10,-2.5106564229864984e-13,-1.1082683863581573e-12,67.62558619044775,153.17389341978605,7.193797620258502e-11,-7.675243592628807e-11,8.084134625723014e-11,-3.665156529234744e-11,0.7797445207316088,0.32244062591721956,-1.4753862600801755,22.46611516150453,1.4753862600801755,0.7784199002723334,0.325955298993983,-1.4740754470417794,22.720995014680113
1132490772.1990304,-5.56998024967886,1.5165239675415714e-10,-1.1467578082812974e-10,-2.5892488614245315e-13,-1.098174243676473e-12,68.07969436468046,154.14668923524275,7.123268828618298e-11,-7.720520956515159e-11,8.041970846797417e-11,-3.7470571262978166e-11,0.7812993442178581,0.32077700407257065,-1.4671161026201738,22.321515293551702,1.4671161026201738,0.7799788879595982,0.3243031660105765,-1.4658191385053545,22.57678615661694
1133740762.0138197,-5.582282797543767,1.5051423807938619e-10,-1.1593419672826988e-10,-2.6662031009263437e-13,-1.0881000801001638e-12,68.53749337564795,155.12150849270753,7.052476144322857e-11,-7.765168175813707e-11,7.998947663615759e-11,-3.828251497013279e-11,0.7828345837512524,0.3191206398436397,-1.4589568271780755,22.178147825393715,1.4589568271780755,0.7815183008357713,0.3226582210144636,-1.4576734976273251,22.43380839554531
1134990751.8286088,-5.5945989168899235,1.4936503233942506e-10,-1.1717917810954206e-10,-2.741539642321912e-13,-1.078047135465473e-12,68.99901888300552,156.0983572593728,6.981425107891818e-11,-7.809183955592634e-11,7.955078126050686e-11,-3.908733855361574e-11,0.7843505334732852,0.31747153510149395,-1.4509065649768405,22.035995910176222,1.4509065649768405,0.7830384325016918,0.3210204666686243,-1.4496366600313115,22.292044906591656
1136240741.643398,-5.606928607717335,1.4820496461586767e-10,-1.184106562733076e-10,-2.81527874413555e-13,-1.0680166182217763e-12,69.46430731262038,157.07724068986693,6.91012126317277e-11,-7.852567049167052e-11,7.910375198413995e-11,-3.988498578163705e-11,0.7858474805611066,0.3158296895587808,-1.4429635046082436,21.895043034575664,1.4429635046082436,0.7845395696109903,0.31938990346540963,-1.441706818581108,22.151479198212307
1137490731.4581873,-5.619271870025998,1.470342193051148e-10,-1.1962856454047144e-10,-2.887440462431782e-13,-1.0580097079135728e-12,69.93339520283709,158.0581629381096,6.838570156923773e-11,-7.8953162580629e-11,7.864851773587709e-11,-4.0675401959842466e-11,0.7873257057661852,0.3141951021686818,-1.435125881833186,21.755273082061525,1.435125881833186,0.7860219924054287,0.3177665311258743,-1.4338822131634221,22.012095175286127
1138740721.2729764,-5.6316287038159185,1.4585298025623226e-10,-1.2083283827730928e-10,-2.9580446908549163e-13,-1.048027554450762e-12,70.40631867348722,159.04112755800443,6.766777338396716e-11,-7.937430431977198e-11,7.818520687226511e-11,-4.145853395753731e-11,0.7887854847439424,0.3125677718332991,-1.4273919646647086,21.616670333997927,1.4273919646647086,0.7874859760423117,0.316150349310471,-1.426161115778268,21.873877140003376
1139990711.0877657,-5.643999109087092,1.4466143082717033e-10,-1.2202341500465493e-10,-3.0271111782976926e-13,-1.0380712750931174e-12,70.88311333011967,160.02613817021754,6.69474835892161e-11,-7.978908468734771e-11,7.771394723795424e-11,-4.2234330317307256e-11,0.7902270894645079,0.31094769706274494,-1.4197600416970553,21.47921940450016,1.4197600416970553,0.7889317920051685,0.31454135728105426,-1.4185418188977115,21.73680972659344
1141240700.902555,-5.65638308583952,1.4345975382501768e-10,-1.232002345084092e-10,-3.0946595147942215e-13,-1.0281419513966204e-12,71.36381467126297,161.01319901263335,6.62248877149176e-11,-8.019749314241378e-11,7.723486611010006e-11,-4.300274136599544e-11,0.7916507889467586,0.30933487482734023,-1.4122284198000747,21.34290514287014,1.4122284198000747,0.7903597088396696,0.3129395527549206,-1.4110226331970495,21.600877803794756
1142490690.717344,-5.66878063407321,1.4224813136396734e-10,-1.243632388691757e-10,-3.160709094863694e-13,-1.018240628373483e-12,71.84845877660729,162.00231505020878,6.550004130349934e-11,-8.059951962433272e-11,7.674809006046803e-11,-4.376371924484298e-11,0.793056848945388,0.307729299307563,-1.404795431962185,21.20771255600198,1.404795431962185,0.7917699918432184,0.3113449306544792,-1.4036018954221599,21.466066397445363
1143740680.5321333,-5.681191753788153,1.410267447228177e-10,-1.2551237237675806e-10,-3.225279080721287e-13,-1.0083683168047021e-12,72.337082885811,162.99349156747732,6.47729999057551e-11,-8.099515455223246e-11,7.625374481706261e-11,-4.451721782452559e-11,0.7944455308214624,0.30613096130394446,-1.3974594502851163,21.073626791789497,1.3974594502851163,0.7931629019369909,0.3097574825149019,-1.3962779813838666,21.33236067412546
1144990670.3469226,-5.693616444984356,1.3979577428398535e-10,-1.2664758136310403e-10,-3.288388387815669e-13,-9.985259977849704e-13,72.82972553165828,163.98673346495892,6.404381907672635e-11,-8.13843888244312e-11,7.575195520725902e-11,-4.5263192538672844e-11,0.7958170902955252,0.30453984868858947,-1.3902188962106545,20.940633189785057,1.3902188962106545,0.7945386944183999,0.3081771969327406,-1.3890493161611412,21.199745991973874
1146240660.1617117,-5.706054707661819,1.3855539958819609e-10,-1.2776881403532505e-10,-3.350055702053091e-13,-9.887146272636207e-13,73.32642614158655,164.9820446576473,6.331255437159437e-11,-8.176721381782722e-11,7.524284521660169e-11,-4.6001600217497826e-11,0.7971717768493712,0.30295594767990625,-1.3830722416603338,20.808717367032752,1.3830722416603338,0.7958976183602513,0.3066040608387838,-1.3819143752088936,21.068207986516637
1147490649.976501,-5.718506541820534,1.3730579947131436e-10,-1.2887602039057858e-10,-3.410299519519322e-13,-9.789351383408756e-13,73.82722432777551,165.9794279240407,6.25792613415833e-11,-8.214362138725387e-11,7.472653812973107e-11,-4.673239900332477e-11,0.7985098341693225,0.3013792442472727,-1.3760179999764888,20.677865287014203,1.3760179999764888,0.7972399170507162,0.30503806090298413,-1.3748716752782482,20.93773263945367
1148740639.7912903,-5.730971947460517,1.3604715220183754e-10,-1.2996915224689655e-10,-3.469138186378145e-13,-9.691884403856294e-13,74.3321592718326,166.978885301223,6.184399552987387e-11,-8.251360386479906e-11,7.420315667196367e-11,-4.7455548382097517e-11,0.7998315014244953,0.2998097248757846,-1.3690547113913654,20.548063269402572,1.3690547113913654,0.7985658292693043,0.30347918430148285,-1.3679197598891868,20.808306288195084
1149990629.6060793,-5.743450924581759,1.3477963553741935e-10,-1.3104816335648924e-10,-3.5265899165803394e-13,-9.594754158917497e-13,74.84126956494094,167.98041880708536,6.110681246752916e-11,-8.287715405909085e-11,7.36728230698902e-11,-4.817100929739837e-11,0.8011370146925513,0.29824737628722925,-1.3621809308853838,20.419297932230336,1.3621809308853838,0.799875590712467,0.30192741844058896,-1.3610571872158814,20.6799155678811
1151240619.4208686,-5.755943473184262,1.3350342666638338e-10,-1.321130095202246e-10,-3.5826727780575785e-13,-9.497969173002782e-13,75.3545936088013,168.98403107579844,6.036776766943134e-11,-8.323426525454779e-11,7.313565899695205e-11,-4.887874426567682e-11,0.8024266077593768,0.2966921843118544,-1.3553952249376504,20.291556096754686,1.3553952249376504,0.8011694347951583,0.30038274983057794,-1.3542825268737597,20.552547316259233
1152490609.235658,-5.768449593268024,1.3221870206759322e-10,-1.3316364862181723e-10,-3.637404656542127e-13,-9.40153766019439e-13,75.8721703599636,169.98972553306527,5.962691663023088e-11,-8.358493121059501e-11,7.259178543736232e-11,-4.957871741122223e-11,0.8037005118777072,0.29514413259251854,-1.3486961786001324,20.164824706659793,1.3486961786001324,0.8024475924121165,0.2988451627897475,-1.347594367019944,20.426188493055697
1153740599.050447,-5.780969284833054,1.3092563736977115e-10,-1.3420004054775214e-10,-3.690803219228907e-13,-9.305467545732704e-13,76.39403999581832,170.9975059956957,5.88843148203078e-11,-8.392914616084597e-11,7.204132254946333e-11,-5.027089438690618e-11,0.8049589546671229,0.2936032018983453,-1.3420824084399938,20.03909080507681,1.3420824084399938,0.8037102908395699,0.29731463875592784,-1.3409913272978258,20.300826157230496
1154990588.8652363,-5.793502547879349,1.296244072915252e-10,-1.352221470262241e-10,-3.7428859005424125e-13,-9.209766509671356e-13,76.92024411596978,172.00737591117553,5.81400176817455e-11,-8.426690481225037e-11,7.148438960977969e-11,-5.095524221397371e-11,0.8062021588307604,0.2920693704738984,-1.3355525735563167,19.914341579908683,1.3355525735563167,0.8049577524515399,0.2957911566327233,-1.334472069831791,20.17644751247376
1156240578.6800256,-5.806049382406902,1.2831518569595984e-10,-1.3622993146599266e-10,-3.7936699192892e-13,-9.114442030536683e-13,77.45082535310449,173.0193376667881,5.739408062431742e-11,-8.45982023442077e-11,7.092110507164241e-11,-5.163172912178496e-11,0.8074303414690851,0.29054261525367403,-1.3291053779932676,19.790564448978404,1.3291053779932676,0.8061901940311412,0.2942746940020043,-1.3280353016077466,20.053039992368394
1157490568.4948146,-5.818609788415725,1.2699814572664165e-10,-1.3722335887622297e-10,-3.8431723180921836e-13,-9.019501406781267e-13,77.98582660707262,174.03339236757455,5.6646559021486815e-11,-8.492303440764687e-11,7.035158670515488e-11,-5.2300324468576106e-11,0.8086437144275364,0.2890229132729977,-1.322739562801972,19.667747133843527,1.322739562801972,0.8074078271149389,0.2927652285349267,-1.3216797665113806,19.930591334057716
1158740558.309604,-5.831183765905816,1.256734599441753e-10,-1.3820239590110248e-10,-3.891410002984987e-13,-8.924951746774076e-13,78.52529033955051,175.04954021976388,5.589750820641999e-11,-8.524139712407278e-11,6.977595173775532e-11,-5.296099877702966e-11,0.8098424855199667,0.2875102424919575,-1.3164538919293998,19.5458776776838,1.3164538919293998,0.8086108592140127,0.29126273881808357,-1.315404231216921,19.80908959591253
1159990548.1243932,-5.843771314877172,1.2434130038247656e-10,-1.3916701093606536e-10,-3.9383997609988324e-13,-8.830799936414026e-13,79.06925834180147,176.06778130813888,5.5146983468013196e-11,-8.555328708457876e-11,6.919431691446337e-11,-5.3613723851486623e-11,0.8110268599654016,0.2860045815848876,-1.31024713964768,19.42494439470891,1.31024713964768,0.8097994952504682,0.28976720414606566,-1.3092074726409428,19.688523106774444
1161240537.9391823,-5.8563724353297975,1.2300183849100912e-10,-1.4011717424504798e-10,-3.9841582464993634e-13,-8.737052606443031e-13,79.61777212322858,177.08811632217657,5.439504004693333e-11,-8.585870134882598e-11,6.86067984440758e-11,-5.425847289622201e-11,0.8121970412517708,0.28450590884134047,-1.3041180863626811,19.304935777730723,1.3041180863626811,0.81097393842304,0.28827860342462835,-1.3030882737870721,19.568880373517228
1162490527.7539716,-5.86898712726369,1.216552449960603e-10,-1.4105285799802777e-10,-4.028701945335056e-13,-8.643716121580308e-13,80.17087371161962,178.11054680499464,5.364173313167314e-11,-8.615763744398966e-11,6.801351186438714e-11,-5.489522055403811e-11,0.8133532309684094,0.2830142008344571,-1.2980655248579218,19.18584041449534,1.2980655248579218,0.812134390042358,0.28679691383914785,-1.2970454300180005,19.450149997532154
1163740517.5687609,-5.881615390678849,1.203016897614411e-10,-1.4197403619517733e-10,-4.072047138820162e-13,-8.550796600702693e-13,80.72860641214709,179.13507476602317,5.2887117854620753e-11,-8.64500933636722e-11,6.741457190682035e-11,-5.552394283150514e-11,0.8144956277409451,0.2815294316459236,-1.292088273073801,19.067646958394196,1.292088273073801,0.8132810484677556,0.28532211007752967,-1.2910777618396627,19.332320645672745
1164990507.38355,-5.894257225575283,1.1894134172916338e-10,-1.4288068451062853e-10,-4.1142098896206964e-13,-8.458299959031372e-13,81.29101508549915,180.16170186381157,5.213124928814406e-11,-8.673606756678355e-11,6.681009244101927e-11,-5.614461694384497e-11,0.8156244259176487,0.2800515731163866,-1.2861851857970297,18.950344168124772,1.2861851857970297,0.8144141077934365,0.2838541645776555,-1.2851841265704735,19.21538109009982
1166240497.1983392,-5.9069126319529905,1.1757436897367208e-10,-1.4377278013604982e-10,-4.1552060587431397e-13,-8.366231950351956e-13,81.85814577433835,181.19042861965588,5.1374182440690174e-11,-8.701555897638896e-11,6.62001865329819e-11,-5.675722115966085e-11,0.8167398147989814,0.27858059600009144,-1.2803551582696877,18.833920991503284,1.2803551582696877,0.8155337570756878,0.28239304867988524,-1.279363421917441,19.099320292127956
1167490487.0131285,-5.919581609811967,1.162009388366919e-10,-1.446503017044049e-10,-4.1950513446004987e-13,-8.274598187249597e-13,82.43004488156086,182.22125411553935,5.061597225290022e-11,-8.728856697852428e-11,6.558496658379167e-11,-5.736173472588064e-11,0.8178419788896643,0.27711647138171813,-1.274597119357119,18.718366643452633,1.274597119357119,0.8166401805816793,0.2809387340438605,-1.2736145791178497,18.984127480079852
1168740476.8279176,-5.932264159152215,1.1482121806263919e-10,-1.4551322932739022e-10,-4.2337613222252837e-13,-8.183404130181985e-13,83.00675836875506,183.254176359243,4.985667359373959e-11,-8.755509142097873e-11,6.496454446889961e-11,-5.7958137906411536e-11,0.8189310990643934,0.27565917156133246,-1.2689100178913384,18.603670631582457,1.2689100178913384,0.8177335589527003,0.2794911935355959,-1.267936549279164,18.869792174645372
1169990466.6427069,-5.9449602799737375,1.1343537285438971e-10,-1.463615447136691e-10,-4.271351460653747e-13,-8.092655054398842e-13,83.58833144244099,184.28919311635778,4.90963412566443e-11,-8.781513261204582e-11,6.433903159774546e-11,-5.854641210162334e-11,0.8200073540122363,0.27420866991778253,-1.2632928097148906,18.489822712801153,1.2632928097148906,0.818814070648199,0.2780504010940072,-1.262328290444652,18.756304145314008
1171240456.4574962,-5.957669972276539,1.1204356881596124e-10,-1.4719523128801748e-10,-4.3078371093196255e-13,-8.00235601659416e-13,84.17480892335166,185.32630273311773,4.8335029955683325e-11,-8.806869131924228e-11,6.370853886027792e-11,-5.912653996877519e-11,0.8210709211633889,0.27276493984708944,-1.2577444525545067,18.3768128038796,1.2577444525545067,0.8198818928743712,0.27661633067165303,-1.2567887625026763,18.64365332090606
1172490446.2722852,-5.970393236060615,1.1064597081490826e-10,-1.4801427423133113e-10,-4.34323346244279e-13,-7.912511843222358e-13,84.76623610196171,186.36550446816298,4.7572794321737315e-11,-8.831576876799539e-11,6.307317649317097e-11,-5.96985054633357e-11,0.8221219765982751,0.27132795340354715,-1.2522639113828806,18.264630895250555,1.2522639113828806,0.8209372014961187,0.2751889548760969,-1.251316932578268,18.53182970350869
1173740436.0870745,-5.983130071325968,1.0924274284413215e-10,-1.4881866040811673e-10,-4.3775555232484296e-13,-7.823127149623073e-13,85.36265959654848,187.40679812522367,4.6809688898693994e-11,-8.855636664029827e-11,6.243305394543812e-11,-6.026229376781848e-11,0.8231606940230423,0.26989768044198487,-1.2468501709363746,18.153267015507314,1.2468501709363746,0.8219801700146625,0.2737682441102222,-1.2459117875585215,18.42082333320552
1174990425.9018638,-5.9958804780725945,1.0783404796297217e-10,-1.496083782141859e-10,-4.4108180898976184e-13,-7.734206380990846e-13,85.96412771737722,188.45018317976061,4.604576813966061e-11,-8.879048707333432e-11,6.178827982331155e-11,-6.081789114085158e-11,0.8241872434317045,0.2684740887714796,-1.241502247972517,18.042711265106174,1.241502247972517,0.8230109682297183,0.2723541667229409,-1.2405723463320029,18.31062432197535
1176240415.7166529,-6.008644456300505,1.0642004835087256e-10,-1.503834174240751e-10,-4.4430357722510134e-13,-7.645753853402686e-13,86.57069011590431,189.49565789086336,4.528108640319315e-11,-8.901813265807034e-11,6.113896194767938e-11,-6.136528476600473e-11,0.8252017902552159,0.2670571452490252,-1.2362191960085327,17.93295389824081,1.2362191960085327,0.8240297613863857,0.2709466901005846,-1.2352976644942397,18.20122293561935
1177490405.5314422,-6.0214220060096935,1.0500090544096552e-10,-1.511437691178809e-10,-4.474223030517523e-13,-7.557773773071569e-13,87.18239690800091,190.54321890953955,4.451569794954349e-11,-8.923930643781864e-11,6.048520749142204e-11,-6.190446268006225e-11,0.826204495517854,0.265646817200586,-1.2310000995894919,17.823985404355295,1.2310000995894919,0.8250367103282605,0.2695457820877563,-1.2300868285875328,18.09260967515527
1178740395.3462315,-6.034213127200162,1.03576780054203e-10,-1.5188942572072692e-10,-4.504394214043929e-13,-7.470270224725362e-13,87.799297770032,191.5928616179478,4.374965693692386e-11,-8.945401190676825e-11,5.982712311727916e-11,-6.243541381395866e-11,0.8271955169419464,0.2642430733676144,-1.2258440611295125,17.715796541016044,1.2258440611295125,0.826031972599589,0.26815141193589487,-1.22493894293523,17.98477530946964
1179990385.1610205,-6.047017819871914,1.0214783245450612e-10,-1.5262038112226284e-10,-4.533563578456229e-13,-7.383247138042645e-13,88.4214415338712,192.64458101489075,4.298301741778931e-11,-8.96622530084858e-11,5.91648150367168e-11,-6.295812811377708e-11,0.8281750103961049,0.262845883848722,-1.220750187622182,17.608378297727146,1.220750187622182,0.8270157038930068,0.2667635502481125,-1.2198531163712862,17.877710838940118
1181240374.9758098,-6.059836084024943,1.0071422229177514e-10,-1.5333663079698923e-10,-4.561745272068299e-13,-7.29670825384557e-13,89.04887652920821,193.6983726412496,4.22158333351384e-11,-8.986403413438591e-11,5.849838895663674e-11,-6.347259666260334e-11,0.829143130883546,0.26145521908293395,-1.2157175845960013,17.501721809807556,1.2157175845960013,0.8279880590396359,0.2653821679649511,-1.2148284562306182,17.77140740925916
1182490364.790599,-6.072667919659263,9.927610846527968e-11,-1.5403817184603537e-10,-4.588953300467173e-13,-7.210657111795297e-13,89.68165149308717,194.75423300411305,4.1448158518832224e-11,-9.005936012217119e-11,5.782794994644745e-11,-6.397881172386416e-11,0.83010003253027,0.26007104847149537,-1.2107453605516478,17.395818270042838,1.2107453605516478,0.8289491920001928,0.2640072349866279,-1.2098640728177394,17.665856223205303
1183740354.6053882,-6.0855133267748664,9.783364898645903e-11,-1.5472500292729543e-10,-4.615201490926498e-13,-7.12509706865766e-13,90.31981653293133,195.8121592370712,4.0680046681932256e-11,-9.024823625424278e-11,5.715360230452677e-11,-6.447676667305264e-11,0.8310458676068936,0.2586933394430063,-1.2058326391277858,17.290658887126263,1.2058326391277858,0.8298992548891256,0.26263871923632653,-1.2049590915830395,17.561048499310957
1184990344.4201775,-6.098372305371754,9.638700092032838e-11,-1.5539712410636433e-10,-4.640503478345268e-13,-7.04003133825078e-13,90.96342358642983,196.87214817181172,3.991155141705681e-11,-9.043066825608055e-11,5.6475449503271514e-11,-6.496645585028375e-11,0.83198078517302,0.25732205751195,-1.2009785718272434,17.186234913169162,1.2009785718272434,0.8308383966192342,0.2612765867156965,-1.2001126658330712,17.456975499580025
1186240334.2349668,-6.111244855449925,9.493632043851048e-11,-1.5605453670712977e-10,-4.664872721758049e-13,-6.955463031470793e-13,91.61252610122247,197.93419534212154,3.9142726192756874e-11,-9.060666229459417e-11,5.579359424575364e-11,-6.544787441253559e-11,0.8329049301500216,0.2559571673095138,-1.1961823438206955,17.082537723083323,1.1961823438206955,0.8317667619724064,0.2599208025332472,-1.1953239825015696,17.353628608941758
1187490324.0497558,-6.124130977009381,9.348176295151081e-11,-1.566972432410434e-10,-4.688322542544833e-13,-6.87139517474592e-13,92.26717810429179,198.99829449250385,3.837362434991125e-11,-9.077622497644451e-11,5.510813860159958e-11,-6.592101826459894e-11,0.8338184433819571,0.2545986340060935,-1.1914431693106418,16.979558898998246,1.1914431693106418,0.8326844916572814,0.25857133232647544,-1.1905922574830714,17.250999419565147
1188740313.864545,-6.137030670050133,9.202348324153639e-11,-1.5732524744801536e-10,-4.7108661627796e-13,-6.787830697893259e-13,92.9274331894585,200.06443788337702,3.7604299098141236e-11,-9.093936334633611e-11,5.4419184143395125e-11,-6.638588410167923e-11,0.8347214626761946,0.25324642431873184,-1.1867602789155665,16.87729027003008,1.1867602789155665,0.8335917233471865,0.2572281432712382,-1.1859167230070087,17.149079770411003
1189990303.6793344,-6.149943934572173,9.056163551699415e-11,-1.5793855441661102e-10,-4.732516722110544e-13,-6.704772400233174e-13,93.59334401099402,201.13261722848588,3.6834803512245305e-11,-9.109608488528084e-11,5.372683200474885e-11,-6.684246953133017e-11,0.8356141242514955,0.2519005065342368,-1.1821329061042627,16.775723883292972,1.1821329061042627,0.8344885931275848,0.25589120410806254,-1.181296614088352,17.047861718038643
1191240293.4941235,-6.1628707705755055,8.90963733557835e-11,-1.5853717070501106e-10,-4.753287264162463e-13,-6.622222916478854e-13,94.26496259060576,202.2028247289051,3.606519052865362e-11,-9.124639750883244e-11,5.3031182827129884e-11,-6.729077319617866e-11,0.8364965637860674,0.2505608495437668,-1.1775602802579577,16.674851921410493,1.1775602802579577,0.8353752365458232,0.2545604841793743,-1.1767311616238487,16.94733745404349
1192490283.3089128,-6.175811178060129,8.762784956962686e-11,-1.5912110438402445e-10,-4.773190701294966e-13,-6.540184703965144e-13,94.94234127928833,203.27505359959113,3.5295512941902994e-11,-9.139030956529299e-11,5.2332336627723844e-11,-6.773079481873145e-11,0.8373689164868732,0.24922742145261392,-1.1730416301508284,16.57466661242186,1.1730416301508284,0.8362517886834258,0.2532359520398983,-1.1722195959052997,16.847499215064918
1193740273.123702,-6.188765157026043,8.615621606780736e-11,-1.5969036496933012e-10,-4.792239779186919e-13,-6.458660060209693e-13,95.62553383127548,204.34929776555632,3.4525823401132516e-11,-9.152782983389091e-11,5.163039266667486e-11,-6.816253513543922e-11,0.8382313161632402,0.24790018857327248,-1.1685761956829643,16.475160182357214,1.1685761956829643,0.8371183832321825,0.2519175744479991,-1.1677611583657284,16.74833923558313
1194990262.938491,-6.20173270747325,8.468162379885307e-11,-1.6024496327511586e-10,-4.810447062764401e-13,-6.37765116199366e-13,96.3145959698128,205.42555087997442,3.375617440659955e-11,-9.165896752293083e-11,5.092544939225353e-11,-6.858599575218503e-11,0.8390838938598087,0.2465791153898706,-1.1641632409823885,16.376324876372284,1.1641632409823885,0.8379751511275592,0.2506053163270611,-1.163355114667954,16.64984976927048
1196240252.7532804,-6.214713829401756,8.32042228029193e-11,-1.6078491126731126e-10,-4.827824952445211e-13,-6.297160104538352e-13,97.00958510577313,206.50380521403847,3.29866183062169e-11,-9.178373226791584e-11,5.0217604496702405e-11,-6.900117899939542e-11,0.8399267768572429,0.24526416552370486,-1.1598020612134874,16.278153035131115,1.1598020612134874,0.838822219547515,0.24929914172845252,-1.1590007614808795,16.552023165464224
1197490242.5680697,-6.227708522811556,8.172416234276604e-11,-1.6131022199478584e-10,-4.844385721904276e-13,-6.217188919306876e-13,97.71055935489736,207.5840510552938,3.221720729211138e-11,-9.190213412964215e-11,4.9506955050654685e-11,-6.940808786514371e-11,0.8407600886379762,0.2439553031537241,-1.15549197903387,16.18063718153805,1.15549197903387,0.8396597118750018,0.24799901525144516,-1.1546974229043758,16.454851955812313
1198740232.3828588,-6.240716787702655,8.024159103528948e-11,-1.6182090963119148e-10,-4.86014155597949e-13,-6.137739561477504e-13,98.41757641045358,208.66627696985918,3.1447993397203383e-11,-9.2014183592266e-11,4.8793597638086106e-11,-6.980672603892545e-11,0.8415839498594908,0.24265249408341394,-1.1512323325690352,16.083770067021327,1.1512323325690352,0.8404877486684511,0.24670490311191093,-1.150444438430731,16.358328900344805
1199990222.197648,-6.2537386240750505,7.875665690539513e-11,-1.6231698959540885e-10,-4.87510456728982e-13,-6.058813875867123e-13,99.13069292469675,209.7504707896091,3.0679028491808316e-11,-9.211989156134395e-11,4.8077628413586814e-11,-7.01970980340649e-11,0.842398479797964,0.24135570584777938,-1.1470224616319806,15.987544649737222,1.1470224616319806,0.8413064491046226,0.24541677325250338,-1.1462411491778546,16.262446965463113
1201240212.0124373,-6.26677403192875,7.726950732959297e-11,-1.627984786727158e-10,-4.889286782628685e-13,-5.980413562642021e-13,99.84996477137474,210.83662076064138,2.991036428025973e-11,-9.221926936184574e-11,4.735914304933321e-11,-7.057920931087008e-11,0.8432037974537597,0.24006490680517587,-1.1428616999236898,15.891954016045792,1.1428616999236898,0.8421159320856964,0.24413459443726843,-1.1420868901227794,16.16719924532222
1202490201.8272264,-6.279823011263746,7.578028890128158e-11,-1.6326539505861981e-10,-4.902700107890503e-13,-5.902540164201561e-13,100.5754480575606,211.92471618275943,2.914205229755474e-11,-9.2312328736141e-11,4.6638236603726846e-11,-7.095306632247883e-11,0.844000021703518,0.23878006474205474,-1.1387493775320687,15.796991289098758,1.1387493775320687,0.8429163163943832,0.24285833485719216,-1.1379809926346225,16.0725788705022
1203740191.6420157,-6.292885562080045,7.42891472954354e-11,-1.63717758292795e-10,-4.91535629282143e-13,-5.825195082155207e-13,101.30720031434198,213.0147471504912,2.8374143906021234e-11,-9.239908184195894e-11,4.591500338941417e-11,-7.131867645083606e-11,0.8447872704307968,0.23750114579894635,-1.1346848321570548,15.702649575784589,1.1346848321570548,0.8437077198272077,0.24158796105457375,-1.1339227957156306,15.978578955167942
1204990181.456805,-6.305961684377647,7.279622721058698e-11,-1.6415558911501663e-10,-4.927266916934231e-13,-5.748379615655581e-13,102.04528117900244,214.10670351979803,2.760669029200795e-11,-9.247954125032221e-11,4.518953691857901e-11,-7.16760478646944e-11,0.8455656591540484,0.23622811434177093,-1.13066742249864,15.608921981352232,1.13066742249864,0.8444902578231599,0.24032343779127674,-1.1299116593782643,15.88519261191791
1206240171.271594,-6.319051378156551,7.13016724205942e-11,-1.6457890932063932e-10,-4.938443405488425e-13,-5.672094999842348e-13,102.78975216158467,215.20057367763346,2.6839742462597036e-11,-9.255371994345468e-11,4.4461929957997194e-11,-7.202518937718464e-11,0.8463352999598199,0.23496093385934955,-1.1266965360089483,15.515801682325103,1.1266965360089483,0.8452640423951546,0.23906472894353,-1.1259469723659854,15.792413024806507
1207490161.0863833,-6.332154643416763,6.980562590436503e-11,-1.6498774169334486e-10,-4.948897066815832e-13,-5.596342423102631e-13,103.5406756120695,216.29634381901582,2.6073351242339378e-11,-9.262163131266338e-11,4.3732274662025655e-11,-7.236611038068149e-11,0.847096301373949,0.23369956837778869,-1.1227715864373171,15.423282014974028,1.1227715864373171,0.8460291819980005,0.23781179891555249,-1.122028149664933,15.700233537747861
1208740150.9011726,-6.345271480158278,6.830822997614974e-11,-1.6538211004757927e-10,-4.958639129789308e-13,-5.521123014265892e-13,104.29811347192042,217.39399815676055,2.530756727001322e-11,-9.268328915619507e-11,4.300066270613651e-11,-7.269882089138421e-11,0.8478487692644223,0.2324439835844909,-1.118892002442142,15.33135652772449,1.118892002442142,0.8467857824283548,0.23656461376524304,-1.1181546210995972,15.608647706717367
1209990140.7159617,-6.358401888381106,6.680962633883263e-11,-1.6576203934891466e-10,-4.967680760182988e-13,-5.446437808435942e-13,105.06212653217445,218.49351995590982,2.4542440995405655e-11,-9.273870767706728e-11,4.2267185343426976e-11,-7.302333167184738e-11,0.8485928082761289,0.2311941470205154,-1.1150572136599286,15.240018966529282,1.1150572136599286,0.8475339482585104,0.23532314139973406,-1.1143258174126176,15.517649284900646
1211240130.530751,-6.371545868085243,6.530995602786346e-11,-1.66127555835104e-10,-4.976033047058385e-13,-5.372287712619346e-13,105.83277464168138,219.59489280262855,2.3778022676117884e-11,-9.278790148087481e-11,4.153193335174555e-11,-7.333965435422919e-11,0.8493285229910765,0.2299500272348314,-1.1112666420819661,15.149263200623121,1.1112666420819661,0.8482737839981028,0.23408735073255577,-1.1105411616732388,15.427232148335781
1212490120.3455403,-6.384703419270686,6.380935927752133e-11,-1.6647868706041306e-10,-4.983706967859087e-13,-5.298673492359698e-13,106.61011776617724,220.69810136763263,2.3014362374394005e-11,-9.283088557357088e-11,4.079499690312732e-11,-7.364780148684215e-11,0.8500560181643849,0.22871159239056488,-1.1075197035552091,15.059083130224826,1.1075197035552091,0.8490053943331424,0.2328572102908697,-1.1068000708132946,15.337390203680487
1213740110.1603293,-6.397874541937444,6.23079753865796e-11,-1.6681546183093064e-10,-4.990713353328119e-13,-5.225595788227037e-13,107.394217301587,221.8031312016762,2.2251509953973425e-11,-9.286767535922398e-11,4.0056465432606184e-11,-7.394778647170665e-11,0.8507753979167941,0.2274788091286779,-1.10381581843227,14.969472628115804,1.10381581843227,0.8497288833213152,0.23163268707766974,-1.1031019662957873,15.248117329997232
1214990099.9751186,-6.411059236085514,6.08059426606235e-11,-1.6713791006247685e-10,-4.997062873412669e-13,-5.153055153499793e-13,108.18513688366993,222.9099676533737,2.1489515076967475e-11,-9.289828663775067e-11,3.9316427583656e-11,-7.423962342472618e-11,0.8514867643639377,0.22625164234705875,-1.100154425160333,14.88042554766034,1.100154425160333,0.8504443530221475,0.23041374634781278,-1.099446287695489,15.159407387005565
1216240089.789908,-6.424257501714897,5.930339846325393e-11,-1.6744606263801135e-10,-5.0027660529869e-13,-5.081052091970504e-13,108.98294221223794,224.01859451220997,2.072842720076025e-11,-9.292273560262381e-11,3.857497126249368e-11,-7.452332703538753e-11,0.852190216486615,0.22503005602710993,-1.0965349889172766,14.791935791822095,1.0965349889172766,0.85115190236569,0.2292003524317603,-1.0958325013048935,15.071254284224583
1217490079.604697,-6.437469338825594,5.780047934462257e-11,-1.677399513416314e-10,-5.007833308747894e-13,-5.009587074755472e-13,109.7876999708156,225.12899315278324,1.9968295574933544e-11,-9.294103883855752e-11,3.783218376968904e-11,-7.479891250307387e-11,0.8528858499081504,0.22381401463757872,-1.092957000239673,14.703997402826355,1.092957000239673,0.8518516269266815,0.22799247013845295,-1.0922600987275923,14.983652070584053
1218740069.4194863,-6.45069474741761,5.629732117055339e-11,-1.680196089013228e-10,-5.012274986259018e-13,-4.938660527296444e-13,110.59947645071917,226.24114268175316,1.9209169238216535e-11,-9.29532133191681e-11,3.708815193233686e-11,-7.506639558215471e-11,0.8535737577237186,0.22260348431284005,-1.08941996431838,14.61660462030333,1.08941996431838,0.8525436197508575,0.22679006593512574,-1.088728586154885,14.89659499236974
1219990059.2342756,-6.463933727490943,5.4794059175318995e-11,-1.6828506910897392e-10,-5.016101376063497e-13,-4.868272795181965e-13,111.4183366739783,227.35502101641526,1.84510970154601e-11,-9.295927640461209e-11,3.634296215985889e-11,-7.532579270436178e-11,0.8542540319214849,0.2213984331315913,-1.0859233869834441,14.529751873797277,1.0859233869834441,0.8532279727749521,0.22559310822917727,-1.0852374703584988,14.810077485501552
1221240049.0490646,-6.477186279045593,5.3290827905969123e-11,-1.6853636694106242e-10,-5.019322700073144e-13,-4.798424109771419e-13,112.24434453670413,228.47060627990746,1.769412751463606e-11,-9.295924583920097e-11,3.559670039133304e-11,-7.557712110186141e-11,0.8549267645943777,0.2201988303383252,-1.0824667652999198,14.443433713112714,1.0824667652999198,0.8539047780398306,0.22440156659267865,-1.0817862493168402,14.724094105749428
1222490038.863854,-6.490452402081567,5.178776108963369e-11,-1.6877353860323893e-10,-5.021949076840699e-13,-4.729114574656639e-13,113.07756391201045,229.5878777000205,1.6938309123861354e-11,-9.295313974899314e-11,3.48494519657723e-11,-7.58203988542458e-11,0.8555920482606336,0.2190046449575308,-1.0790495880605442,14.357644715580932,1.0790495880605442,0.8545741280140771,0.2232154103777457,-1.0783744127436181,14.638639436045601
1223740028.6786432,-6.50373209659886,5.02849915002277e-11,-1.6899662146676532e-10,-5.023990486654309e-13,-4.660344181739422e-13,113.9180600915995,230.7068154694296,1.6183690008447673e-11,-9.294097663936351e-11,3.410130149178001e-11,-7.60556448274018e-11,0.8562499751227232,0.21781584460001074,-1.0756713457983107,14.272379422573522,1.0756713457983107,0.8552361148558588,0.22203460752152268,-1.075001452121542,14.553708023195684
1224990018.4934323,-6.5170253625974714,4.878265090117514e-11,-1.6920565392816036e-10,-5.025456757444972e-13,-4.59211284833575e-13,114.76590073416074,231.8273996176547,1.5430318107976152e-11,-9.292277539255055e-11,3.335233279319901e-11,-7.628287853560985e-11,0.8569006357042596,0.216632395150878,-1.0723315444923665,14.187632340874192,1.0723315444923665,0.8558908290509268,0.22085912423112947,-1.0716668744027331,14.469294379488074
1226240008.3082216,-6.530332200077412,4.728087009612549e-11,-1.6940067526831784e-10,-5.026357580266555e-13,-4.524420454412518e-13,115.6211557573883,232.94960852139397,1.467824113339787e-11,-9.289855526518143e-11,3.260262896272763e-11,-7.650212000313643e-11,0.8575441176622719,0.21545426152236083,-1.069029715026151,14.103398007406023,1.069029715026151,0.8565383582234752,0.21968892573349236,-1.0683702114379103,14.38539304756422
1227489998.1230109,-6.543652609038678,4.5779779056374735e-11,-1.695817255875537e-10,-5.026702545776456e-13,-4.4572668590103086e-13,116.48389621293795,234.07341790411527,1.392750656415994e-11,-9.286833588577557e-11,3.185227249221477e-11,-7.671338970177809e-11,0.8581805054719377,0.2142814090423289,-1.0657654128882683,14.019671079543158,1.0657654128882683,0.8571787868177083,0.21852397766271578,-1.0651110196417393,14.301998690697658
1228739987.9378,-6.556986589481273,4.427950704888058e-11,-1.6974884584848608e-10,-5.026501180864925e-13,-4.390651887111324e-13,117.35419277659895,235.19880090954868,1.3178161645357562e-11,-9.283213725222623e-11,3.110134540352301e-11,-7.691670859625982e-11,0.8588098811796138,0.21311380468333774,-1.0625382081947377,13.936446398583847,1.0625382081947377,0.8578121968477469,0.21736424729049972,-1.06188886999343,14.219106156078166
1229989977.7525892,-6.570334141405191,4.278018268857082e-11,-1.6990207799552237e-10,-5.025762964528941e-13,-4.3245752955079255e-13,118.23211472382522,236.32572922114193,1.2430253384911933e-11,-9.278997972926144e-11,3.034992930365889e-11,-7.711209826626091e-11,0.8594323258056603,0.21195141742776286,-1.0593476716564065,13.853718989326694,1.0593476716564065,0.8584386692991386,0.21620970389442412,-1.058703334008967,14.13671047415155
1231239967.5673785,-6.58369526481044,4.128193388310343e-11,-1.7004146507499364e-10,-5.024497314266882e-13,-4.2590367384818637e-13,119.11772999717611,237.45417458969865,1.1683828550774427e-11,-9.274188404588323e-11,2.959810533232901e-11,-7.72995810291104e-11,0.8600479206042462,0.210794217560504,-1.0561933644417367,13.771483995286045,1.0561933644417367,0.8590582853898793,0.2150603180538002,-1.0555539736328083,14.05480679368722
1232489957.3821678,-6.5970699596970235,3.9784887701240976e-11,-1.7016705127978992e-10,-5.022713551531336e-13,-4.1940357541568285e-13,120.01110634953565,238.58410987954443,1.0938933668157059e-11,-9.268787129278687e-11,2.8845954033083903e-11,-7.747917998700301e-11,0.8606567474684664,0.2096421752970685,-1.053074837659608,13.689736585958945,1.053074837659608,0.859671126978566,0.21391606027911605,-1.0524403407572565,13.97339028907163
1233739947.1969569,-6.610458226064933,3.828917024064038e-11,-1.7027888188671456e-10,-5.020420867007134e-13,-4.1295717802311454e-13,120.91231291996189,239.7155090042938,1.019561501678957e-11,-9.26279629197591e-11,2.809355522385082e-11,-7.765091896695546e-11,0.8612588882596036,0.20849525953731227,-1.0499916416808346,13.608471888592488,1.0499916416808346,0.8602772758967224,0.21277689976459446,-1.0493619865676342,13.892456092262808
1234989937.0117462,-6.6238600639141785,3.679490657105128e-11,-1.7037700311765452e-10,-5.017628306534386e-13,-4.065644190571711e-13,121.821421332772,240.84834575609673,9.453918628202867e-12,-9.256218073305629e-11,2.7340987942848403e-11,-7.781482238459821e-11,0.861854423457499,0.2073534374635814,-1.0469433398838128,13.527684982904164,1.0469433398838128,0.8608768126004762,0.21164280398330892,-1.0463184752851955,13.81199928775252
1236239926.8265355,-6.6372754732447605,3.530222078463724e-11,-1.7046146200021026e-10,-5.014344786365183e-13,-4.0022523319450656e-13,122.7385056680938,241.98259217673066,8.713890283039325e-12,-9.249054689276284e-11,2.65883305015979e-11,-7.79709151074474e-11,0.8624434309195763,0.20621667521709863,-1.043929518874576,13.447370961178331,1.043929518874576,0.8614698149283341,0.21051373936047105,-1.0433093943598033,13.732014972821968
1237489916.6413245,-6.650704454056678,3.381123612238757e-11,-1.705323063036223e-10,-5.010579129251997e-13,-3.939395540108798e-13,123.66364129507576,243.11821739987982,7.975575508390122e-12,-9.24130839101297e-11,2.583566061399744e-11,-7.811922239349256e-11,0.8630259854741682,0.2050849392665703,-1.040949789249176,13.367525018727102,1.040949789249176,0.8620563576913901,0.2093896726406843,-1.0403343551960327,13.65249834798893
1238739906.4561138,-6.66414700634993,3.2322075101126184e-11,-1.7058958458164254e-10,-5.006340100685016e-13,-3.8770731265928355e-13,124.59690322119114,244.25518763967673,7.2390195751593915e-12,-9.232981464489361e-11,2.5083055525966778e-11,-7.825976993674893e-11,0.8636021595946174,0.20395819768444545,-1.0380037763824717,13.288142522305183,1.0380037763824717,0.8626365133441981,0.2082705721654095,-1.037392983917772,13.573444785244153
1239989896.270903,-6.677603130124524,3.083485956543291e-11,-1.7063334629137772e-10,-5.00163642454303e-13,-3.8152843446561065e-13,125.53836490715169,245.39346734742585,6.504267495455634e-12,-9.224076230257703e-11,2.4330592069977287e-11,-7.839258398880068e-11,0.8641720247791851,0.20283642059841514,-1.0350911064423007,13.209219016682125,1.0350911064423007,0.8632103533631801,0.2071564083275743,-1.0344849073842481,13.494849834382995
1241239886.0856922,-6.691072825380459,2.934971063289194e-11,-1.706636419127619e-10,-4.99647676950417e-13,-3.7540283550604414e-13,126.48809824629302,246.53302087815018,5.771364020010397e-12,-9.21459504317695e-11,2.357834661288152e-11,-7.851769148099239e-11,0.8647356528553348,0.20171957955911984,-1.0322113955673404,13.13075016499371,1.0322113955673404,0.8637779495519757,0.2060471529425372,-1.0316097423950308,13.416709163192573
1242489875.9004815,-6.704556092117732,2.7866748563574898e-11,-1.7068052299312271e-10,-4.990869714684327e-13,-3.6933042123562124e-13,127.44617474391782,247.67381369702085,5.040353635624471e-12,-9.204540292139006e-11,2.282639492795043e-11,-7.863512007173265e-11,0.8652931164693833,0.20060764618785906,-1.0293642483403227,13.052731656438752,1.0293642483403227,0.864339374534099,0.20494277789735008,-1.028767094200335,13.339018465155517
1243739865.7152708,-6.718052930336355,2.6386092628950215e-11,-1.7068404208531504e-10,-4.98482371510302e-13,-3.6331108803171e-13,128.4126672334684,248.8158124025183,4.311280562641518e-12,-9.193914399793152e-11,2.207481206630869e-11,-7.874489808738353e-11,0.8658444884899233,0.19950059088242608,-1.0265492663680233,12.975159133624526,1.0265492663680233,0.8648947011595512,0.2038432538555714,-1.0259565651069849,13.261773386970988
1244989855.5300598,-6.731563340036317,2.4907861055601388e-11,-1.7067425261026577e-10,-4.978347087629505e-13,-3.5734472680741465e-13,129.38765113892856,249.9589835168061,3.5841887524494038e-12,-9.182719822268675e-11,2.132367230315197e-11,-7.884705438757898e-11,0.8663898406775341,0.198398382326535,-1.0237660619910316,12.89802818064671,1.0237660619910316,0.8654440011760438,0.20274854976370177,-1.0231777681883274,13.184969516879233
1246239845.344849,-6.745087321217625,2.3432171075218076e-11,-1.706512087189656e-10,-4.971448026028971e-13,-3.5143122663914613e-13,130.3712045355314,251.10329171103615,2.859121885009342e-12,-9.17095904889569e-11,2.057304919020875e-11,-7.894161823000871e-11,0.8669292423953817,0.1973009880869587,-1.0210142692060928,12.821334378227418,1.0210142692060928,0.8659873439385276,0.20165863344510948,-1.0204303381809172,13.108602439974462
1247489835.1596384,-6.75862487388028,2.19591390500789e-11,-1.7061496522914046e-10,-4.96413463667589e-13,-3.455704763472788e-13,131.3634069447549,252.24869847706287,2.1361233664129717e-12,-9.15863460192424e-11,1.982301568366592e-11,-7.902861920989808e-11,0.8674627601124548,0.19620837595727528,-1.0182935454776547,12.745073393829324,1.0182935454776547,0.8665247959093656,0.200573472942221,-1.0177139332592968,13.032667828324334
1248739824.9744275,-6.772175998024286,2.0488880599138387e-11,-1.7056557766799954e-10,-4.956414974417691e-13,-3.3976236316966946e-13,132.36433753575173,253.3951620187334,1.4152363264674322e-12,-9.145749036241656e-11,1.9073644272670943e-11,-7.910808730558294e-11,0.8679904579960414,0.1951205152773484,-1.0156035633328377,12.669241054615583,1.0156035633328377,0.8670564212474806,0.19949303783703096,-1.0150282266043757,12.957161513763062
1249989814.7892168,-6.785740693649642,1.9021510649637314e-11,-1.7050310239034048e-10,-4.94829705801869e-13,-3.340067693696904e-13,133.37407376579057,254.5426384417325,6.965036163085812e-13,-9.132304939088218e-11,1.8325007033328725e-11,-7.918005299945828e-11,0.8685123992638444,0.19403737747068497,-1.0129439964884894,12.593833360932136,1.0129439964884894,0.8675822831587832,0.1984172997915194,-1.0123728925293463,12.882079501130548
1251239804.604006,-6.79931896075635,1.7557143382897712e-11,-1.7042759669727247e-10,-4.939788856598495e-13,-3.2830356882642627e-13,134.39269125863885,255.6910835655569,-2.0032193957546684e-14,-9.118304929771155e-11,1.7577175576855254e-11,-7.924454739956093e-11,0.8690286475287691,0.19295893549064266,-1.0103145083961234,12.518846432052085,1.0103145083961234,0.8681024452418609,0.19734623199721596,-1.0097475950498658,12.807417913836915
1252489794.418795,-6.81291079934441,1.6095892104961134e-11,-1.7033911888062129e-10,-4.930898255464079e-13,-3.2265262566002843e-13,135.4202650152867,256.8404543036809,-7.343288175848579e-13,-9.103751659377004e-11,1.6830220922545987e-11,-7.930160228685128e-11,0.8695392673725743,0.19188516249348933,-1.0077147497113643,12.444276414738978,1.0077147497113643,0.8686169720645958,0.19627980785000507,-1.007151985390826,12.733172902413054
1253739784.2335844,-6.826516209413827,1.4637869116659545e-11,-1.7023772816173804e-10,-4.921633021770781e-13,-3.170537957491997e-13,136.4568712764902,257.9907087866994,-1.4463442534889415e-12,-9.088647810482329e-11,1.6084213370148483e-11,-7.935125005691472e-11,0.8700443238269705,0.19081603050119655,-1.005144366086141,12.37011940651909,1.005144366086141,0.8691259286485623,0.19521799961206868,-1.0045857098067872,12.659340567945822
1254989774.0483737,-6.840135190964598,1.3183185657906244e-11,-1.7012348455530526e-10,-4.912000790501456e-13,-3.115069303026643e-13,137.50258896158084,259.14180511811236,-2.1560367885201685e-12,-9.072996096862902e-11,1.5339222446426425e-11,-7.939352358667624e-11,0.8705438810684509,0.1897515098235722,-1.0026030117689164,12.296371437167647,1.0026030117689164,0.8696293791655766,0.19416077783107563,-1.0020484231852662,12.585916943810377
1256239763.8631628,-6.8537677439967295,1.1731951957424518e-11,-1.6999644873257984e-10,-4.902009079316601e-13,-3.0601187944522327e-13,138.55749983153393,260.2936994471854,-2.8633649997081653e-12,-9.056799263201269e-11,1.4595316957132668e-11,-7.942845610056715e-11,0.871038001085453,0.18869156957350947,-1.0000903611683312,12.223028518592844,1.0000903611683312,0.8701273856039758,0.19310811185211205,-0.9995398005865787,12.512898045743661
1257489753.677952,-6.867413868510218,1.0284277357383108e-11,-1.6985668195870997e-10,-4.891665323910967e-13,-3.0056849377357383e-13,139.62168724951985,261.4463444562597,-3.5682877564775135e-12,-9.040060084792828e-11,1.3852565113860623e-11,-7.945608111078171e-11,0.8715267430930745,0.1876361789808955,-0.9976061116984405,12.150086734123073,0.9976061116984405,0.8706200071803301,0.19205997112983056,-0.9970595400521185,12.440279961156357
1258739743.4927413,-6.881073564505067,8.840270438646985e-12,-1.6970424613528353e-10,-4.880976913522875e-13,-2.951766230282937e-13,140.69523422709983,262.59968914182554,-4.270764222834576e-12,-9.022781367250374e-11,1.3111034661481567e-11,-7.947643246277979e-11,0.8720101640414258,0.18658530875106638,-0.9951499762164664,12.077542315611117,0.9951499762164664,0.8711073008443798,0.19101632658775078,-0.9946073550131984,12.368058926083066
1259989733.3075304,-6.894746831981279,7.400039072151829e-12,-1.695392039176375e-10,-4.869951206188074e-13,-2.8983611271679e-13,141.77822187548935,263.75368003304504,-4.970753859525386e-12,-9.004965946207182e-11,1.23707929316772e-11,-7.948954445556566e-11,0.8724883199350841,0.18553893168715974,-0.9927216693278791,12.005391663723357,0.9927216693278791,0.8715893225966064,0.18997715124360762,-0.9921829605920274,12.296231345227262
1261239723.1223197,-6.908433670938855,5.9636903653047144e-12,-1.6936161883278297e-10,-4.858595515218026e-13,-2.845468007185825e-13,142.8707291690297,264.90826315602203,-5.668216426164481e-12,-8.986616687018649e-11,1.1631906791469191e-11,-7.949545196259646e-11,0.8729612672142114,0.18449702221803174,-0.990320895352263,11.933631299317762,0.990320895352263,0.8720661288700804,0.1889424197407177,-0.9897860615907296,12.224793743144803
1262489712.937109,-6.922134081377794,4.531330533818198e-12,-1.6917155532359923e-10,-4.846917075233166e-13,-2.793085159097969e-13,143.9728341819761,266.0633856020747,-6.363111983334644e-12,-8.967736484462487e-11,1.0894442517152843e-11,-7.949419047897435e-11,0.8734290634114305,0.1834595551022705,-0.987947344798038,11.86225777330518,0.987947344798038,0.8725377771902427,0.18791210705393183,-0.9874163490034936,12.15374267407275
1263739702.751898,-6.935848063298105,3.103064772975066e-12,-1.6896907868825582e-10,-4.834923008024102e-13,-2.741210796573193e-13,145.0846161035373,267.21899576449766,-7.05540089465734e-12,-8.948328262437551e-11,1.0158465667632398e-11,-7.948579606388026e-11,0.8738917667139189,0.18242650405286678,-0.9856007013239141,11.79126758620851,0.9856007013239141,0.8730043257404075,0.1868861871136368,-0.9850735070083005,12.083074641637667
1264989692.5666873,-6.949575616699777,1.6789972025244632e-12,-1.6875425494520582e-10,-4.82262030856936e-13,-2.689843093513406e-13,146.20615686685744,268.3750420647468,-7.745043828833987e-12,-8.928394973661306e-11,9.424041031358449e-12,-7.947030520859275e-11,0.8743494346891502,0.18139784107356316,-0.9832806551571589,11.720657163121238,0.9832806551571589,0.8734658320894206,0.18586463213922205,-0.9827572263912516,12.012786074060365
1266239682.3814766,-6.963316741582824,2.592309161915641e-13,-1.6852715069759769e-10,-4.810015859697848e-13,-2.6389802195309853e-13,147.3375414275185,269.5314708662661,-8.432001761657778e-12,-8.907939599365914e-11,8.691232677849349e-12,-7.944775470393854e-11,0.8748021229137712,0.1803735368895402,-0.9809869152365763,11.650422898056817,0.9809869152365763,0.8739223518198518,0.18484741306635125,-0.9804672166677717,11.942873368708494
1267489672.1962657,-6.977071437947241,-1.1561318944782694e-12,-1.6828783307115917e-10,-4.797116467100565e-13,-2.58862035529013e-13,148.4788564940196,270.68822476303427,-9.116235977996044e-12,-8.886965148993064e-11,7.960104083517781e-12,-7.941818158122852e-11,0.8752498843015385,0.17935356222624907,-0.978719213074118,11.580561241929024,0.978719213074118,0.8743739378530022,0.18383450082383232,-0.9782032099072518,11.873332980121047
1268739662.011055,-6.9908397057930305,-2.5669898156414e-12,-1.680363697564755e-10,-4.783928894499938e-13,-2.538761679240406e-13,149.6301884113914,271.84524223668086,-9.797708073743117e-12,-8.8654746598875e-11,7.2307182581017154e-12,-7.938162315760047e-11,0.8756927695250478,0.17833788920216004,-0.976477296071212,11.511068783384594,0.976477296071212,0.8748206408671353,0.18282586772701834,-0.9759649540183658,11.804161500701024
1269989651.8258443,-7.004621545120195,-3.973242159950305e-12,-1.6777282912544414e-10,-4.770459878728566e-13,-2.4894023340212607e-13,150.7916214080314,273.0024588986884,-1.0476379957743607e-11,-8.843471196989284e-11,6.503137797793294e-12,-7.93381171555513e-11,0.8761308282973629,0.17732649203480064,-0.9742609140690962,11.441942275775594,0.9742609140690962,0.8752625105770303,0.18182148818676194,-0.9737521992922911,11.735355687443704
1271239641.6406333,-7.018416955928735,-5.374789019484153e-12,-1.6749728034835258e-10,-4.756716116261677e-13,-2.4405403926891237e-13,151.96323722956464,274.1598096137534,-1.1152213853686025e-11,-8.820957852524861e-11,5.7774248342018784e-12,-7.928770182310398e-11,0.8765641107847661,0.17631934665335577,-0.9720698067942334,11.373178594401148,0.9720698067942334,0.8756995971472767,0.18082133832554964,-0.971564685869055,11.666912418970488
1272489631.4554226,-7.03222593821865,-6.771531392659896e-12,-1.6720979343781691e-10,-4.742704229464736e-13,-2.3921738449756714e-13,153.1451163957318,275.31723027094864,-1.1825172301966636e-11,-8.797937745696896e-11,5.053640909306742e-12,-7.923041598084797e-11,0.8769926683454864,0.1753164294393609,-0.9699036993533436,11.304774648111042,0.9699036993533436,0.8761319519338369,0.17982539472032663,-0.9694021392698393,11.598828607080206
1273739621.270212,-7.046048491989946,-8.163371311717855e-12,-1.6691043918877618e-10,-4.728430732667303e-13,-2.344300612017239e-13,154.33734037380083,276.47465814835067,-1.249521816152355e-11,-8.774414022372975e-11,4.3318468498057016e-12,-7.916629896504641e-11,0.877416553175747,0.17431771581861338,-0.9677623083251964,11.236727295547503,0.9677623083251964,0.8765596271335898,0.1788336329939285,-0.967264276521035,11.531101113125212
1274989611.085001,-7.059884617242625,-9.55021189716528e-12,-1.6659928904463448e-10,-4.713902018231618e-13,-2.2969185813112535e-13,155.53999341159175,277.6320306150931,-1.3162314611640964e-11,-8.750389854773143e-11,3.6121027144756816e-12,-7.909539049690305e-11,0.877835817072218,0.17332317951381512,-0.9656453549247069,11.169033313688503,0.9656453549247069,0.8769826745489065,0.17784602706491934,-0.9651508193272924,11.463726716799648
1276239600.8997903,-7.073734313976684,-1.0931957308432486e-11,-1.6627641496280996e-10,-4.699124371039331e-13,-2.2500256418293154e-13,156.75316294469388,278.789282879724,-1.3826425153723495e-11,-8.725868441156348e-11,2.894467845291005e-12,-7.901773055124651e-11,0.878250510028167,0.17233279288843112,-0.9635525776591619,11.101689436418978,0.9635525776591619,0.877401144183314,0.17686254948794883,-0.96306150670824,11.396702154926539
1277489590.7145796,-7.08759758219213,-1.2308512620771872e-11,-1.6594188935315855e-10,-4.684104003168978e-13,-2.2036196991587925e-13,157.97693830125337,279.94634606554564,-1.448751361304056e-11,-8.700853005505766e-11,2.1790009922686814e-12,-7.893335929810091e-11,0.8786606794769786,0.17134652818523582,-0.9614837371822018,11.034692440734288,0.9614837371822018,0.8778150834821762,0.17588317269013748,-0.9609960998156742,11.330024207724925
1278739580.5293686,-7.101474421888959,-1.3679783701512546e-11,-1.655957851199587e-10,-4.668847088733644e-13,-2.1576986622664078e-13,159.21140841537442,281.1031467299906,-1.514554414044068e-11,-8.675346797213131e-11,1.4657604389281296e-12,-7.884231714782742e-11,0.8790663706252886,0.17036435894825847,-0.9594386105187767,10.968039230863013,0.9594386105187767,0.8782245376622533,0.1749078703934715,-0.9589543761255939,11.263689782807612
1279989570.344158,-7.115364833067174,-1.5045677158993456e-11,-1.6523817577748438e-10,-4.653359778790541e-13,-2.1122604100950594e-13,160.45665985382973,282.2596081257425,-1.5800481214035784e-11,-8.649353090761979e-11,7.548040550423355e-13,-7.87446448698646e-11,0.8794676276918083,0.16938626081050281,-0.9574169779259633,10.90172687175476,0.9574169779259633,0.8786295509482656,0.17393661840535027,-0.9569361162888554,11.197695948426736
1281239560.1589472,-7.129268815726782,-1.640610039479914e-11,-1.6486913556619892e-10,-4.637648187932388e-13,-2.067302757985077e-13,161.71277630532154,283.4156524905715,-1.6452289640855416e-11,-8.622875185409912e-11,4.61892460562799e-14,-7.86403837120998e-11,0.8798644953467507,0.16841221119351923,-0.9554186098796326,10.835752552372282,0.9554186098796326,0.8790301680126612,0.17296939432176248,-0.9549410911364966,11.13203989654544
1282489549.9737363,-7.143186369867779,-1.7760961729385683e-11,-1.6448873949639093e-10,-4.62171836075547e-13,-2.0228234439687615e-13,162.97983985162273,284.57120303686946,-1.710093455847067e-11,-8.595916404869914e-11,-6.600271709150194e-13,-7.852957544769179e-11,0.880257019530439,0.16744218809009317,-0.9534432616118407,10.770113499459413,0.9534432616118407,0.8794264347969818,0.17200617631229873,-0.952969056253943,11.066718856533889
1283739539.7885256,-7.157117495490166,-1.911017052827275e-11,-1.640970632886875e-10,-4.605576238156016e-13,-1.9788201433121481e-13,164.2579333057559,285.7261844588412,-1.7746381436588074e-11,-8.568480096990694e-11,-1.3637890916846785e-12,-7.841226231878051e-11,0.8806452471855982,0.16647616862877604,-0.951490678301739,10.70480689087203,0.951490678301739,0.8798183982477227,0.17104694168439957,-0.9510197572060474,11.001730008618834
1284989529.6033149,-7.171062192593945,-2.0453637255766556e-11,-1.6369418324129794e-10,-4.5892276434641e-13,-1.9352905031253386e-13,165.54714226356245,286.8805216158301,-1.83885960786131e-11,-8.540569633436128e-11,-2.0650411771534623e-12,-7.828848690693664e-11,0.881029225061856,0.1655141282452754,-0.9495606079183616,10.639829817857255,0.9495606079183616,0.8802061051231558,0.17009166605203033,-0.9490929423917447,10.937070446405011
1286239519.418104,-7.18502046117912,-2.1791273425710646e-11,-1.6328017609666932e-10,-4.572678296772184e-13,-1.8922321771294184e-13,166.84755565322484,288.03413710822184,-1.902754462318349e-11,-8.512188409363804e-11,-2.7637288025271536e-12,-7.81582920030313e-11,0.8814089982846347,0.1645560409377275,-0.9476528143244818,10.575179317650568,0.9476528143244818,0.880589600561943,0.16914032358737818,-0.947188376130766,10.87273720969983
1287489509.2328932,-7.198992301245692,-2.3122991479058965e-11,-1.6285511898044318e-10,-4.555933849295443e-13,-1.8496428406103275e-13,168.15926441843618,289.18694912445244,-1.966319354567225e-11,-8.483339843102726e-11,-3.45979793338671e-12,-7.802172054941587e-11,0.8817846095168721,0.16360188046011906,-0.9457670830951859,10.510852457467438,0.9457670830951859,0.8809689272421165,0.16819288821191644,-0.9453058444458667,10.808727368588025
1288739499.0476825,-7.2129777127936645,-2.4448704660810437e-11,-1.624190894431562e-10,-4.5389999178905306e-13,-1.807520177219584e-13,169.48235905305117,290.33887080854123,-2.029550965966026e-11,-8.454027375830187e-11,-4.1531950011501826e-12,-7.78788156848543e-11,0.8821560992020175,0.1626516217684032,-0.9439032166757698,10.446846421486256,0.9439032166757698,0.8813441256204372,0.16724933504276282,-0.9434451501860157,10.745038110305526
1289989488.8624716,-7.226976695823035,-2.576832696905227e-11,-1.6197216557494624e-10,-4.521882099802109e-13,-1.7658618457694516e-13,170.81692739089326,291.48981153577546,-2.0924460118378557e-11,-8.424254471247813e-11,-4.843866850673727e-12,-7.772962086246812e-11,0.8825235067554309,0.1617052418876432,-0.9420610216137817,10.383158550664927,0.9420610216137817,0.8817152351213432,0.16630964126254824,-0.9416061002453281,10.68166677881697
1291239478.6772609,-7.24098925033381,-2.708177320649371e-11,-1.6151442612086347e-10,-4.5045859593135734e-13,-1.7246654468579025e-13,172.1630539347186,292.6396793774955,-2.1550012416120202e-11,-8.394024615256861e-11,-5.531760790373496e-12,-7.75741799682949e-11,0.8828868720256212,0.16076271970040235,-0.9402402951477995,10.319786312236426,0.9402402951477995,0.8820822955983314,0.16537378591147434,-0.9397884921679746,10.618610844079553
1292489468.4920502,-7.255015376325986,-2.838895910480644e-11,-1.610459505241808e-10,-4.487116994434146e-13,-1.683928509215517e-13,173.5208211358354,293.7883833258351,-2.2172134389621782e-11,-8.363341315632771e-11,-6.216824715184662e-12,-7.741253736785308e-11,0.8832462361906069,0.15982403477634202,-0.9384408188118633,10.256727216034765,0.9384408188118633,0.8824453482329752,0.1644417487194221,-0.9379921077888715,10.555867818277454
1293739458.3068392,-7.269055073799572,-2.968980144951169e-11,-1.6056681886738036e-10,-4.4694806034194896e-13,-1.6436485040819254e-13,174.8903119043029,294.9358339591729,-2.2790794219414287e-11,-8.332208101698977e-11,-6.8990072300973944e-12,-7.724473785039057e-11,0.8836016415783721,0.15888916591452457,-0.9366623626994717,10.193978725311652,0.9366623626994717,0.8828044353590139,0.16351350864817873,-0.9362167175334569,10.493435166740708
1294989448.1216285,-7.283108342754559,-3.0984218132946004e-11,-1.6007711174044467e-10,-4.45168207097968e-13,-1.6038228794950774e-13,176.27161189474145,296.08194211230324,-2.3405960431143816e-11,-8.300628524000057e-11,-7.578257701802167e-12,-7.707082650044404e-11,0.883953130518387,0.15795809023602095,-0.9349046979227136,10.131538212915261,0.9349046979227136,0.8831595993163942,0.16258904298142732,-0.934462092891586,10.431310264361796
1296239437.9364178,-7.297175183190956,-3.227212810504256e-11,-1.5957691010857257e-10,-4.4337265824658396e-13,-1.5644490947342888e-13,177.66481021261447,297.2266162722079,-2.4017601896861515e-11,-8.268606153974201e-11,-8.254526208181048e-12,-7.68908485688306e-11,0.8843007438884692,0.1570307833490168,-0.933167610100707,10.069402987744123,0.933167610100707,0.8835108809980625,0.16166832748621687,-0.9327280198913318,10.369490422287871
1297489427.7512069,-7.311255595108762,-3.355345125149934e-11,-1.5906629525165105e-10,-4.415619257933923e-13,-1.5255246351014214e-13,179.0699980798643,298.36976018049353,-2.4625687836283226e-11,-8.23614458362505e-11,-8.927763415216133e-12,-7.670484941540056e-11,0.8846445201972614,0.1561072204924943,-0.9314509061146586,10.007570376119743,0.9314509061146586,0.8838583189298133,0.16075133755409082,-0.9310143058183589,10.307972969395479
1298739417.5659962,-7.325349578507981,-3.4828108271318664e-11,-1.5854534880568424e-10,-4.3973651863640076e-13,-1.4870469987652025e-13,180.48726618135433,299.51127203413915,-2.5230187818018535e-11,-8.203247425192944e-11,-9.597920453300138e-12,-7.651287455375476e-11,0.8849844957356037,0.15518737800163504,-0.9297544102208454,9.946037811216344,0.9297544102208454,0.8842019494179697,0.1598380496665191,-0.9293207752925943,10.246755341628068
1299989407.3807855,-7.339457133388612,-3.609602062590897e-11,-1.580141528766668e-10,-4.3789694402571033e-13,-1.4490136637551711e-13,181.91670219953514,300.651045771391,-2.5831071760769322e-11,-8.169918310825575e-11,-1.0264948865139642e-11,-7.631496976841107e-11,0.885320705715988,0.154271234252174,-0.9280779517121358,9.884802879022025,0.9280779517121358,0.8845418076861981,0.15892844234186412,-0.9276472579137174,10.185835127722775
